0.230519 0.159091 0.185065 0.266304 0.195652 0.141304 0.201087 0.211957 0.220779 0.194805 0.207792 0.151515 0.714286 0.214286 0.0714286 0 0.25 0.892857 0.964286 0.892857 0.75 0.428571 
0.275862 0.199234 0.222222 0.294872 0.288462 0.192308 0.230769 0.237179 0.260204 0.25 0.265306 0.127551 0.535714 0.214286 0.178571 0 0.142857 0.785714 0.928571 0.928571 0.75 0.392857 
0.266436 0.204152 0.249135 0.312139 0.231214 0.213873 0.208092 0.300578 0.299539 0.198157 0.322581 0.138249 0.571429 0.321429 0.107143 0 0.0714286 0.642857 0.964286 0.928571 0.642857 0.285714 
0.239669 0.22314 0.194215 0.268966 0.262069 0.213793 0.227586 0.193103 0.269231 0.21978 0.236264 0.131868 0.75 0.357143 0.107143 0 0.107143 0.928571 0.928571 0.821429 0.642857 0.178571 
0.204152 0.190311 0.190311 0.219653 0.208092 0.190751 0.219653 0.196532 0.281106 0.101382 0.258065 0.124424 0.785714 0.464286 0.25 0.0714286 0.0357143 0.892857 0.928571 0.857143 0.571429 0.25 
0.328704 0.208333 0.25 0.426357 0.193798 0.232558 0.255814 0.286822 0.339506 0.222222 0.333333 0.154321 0.458333 0.25 0.0833333 0 0.0416667 0.791667 0.916667 0.791667 0.583333 0.291667 
0.276382 0.211055 0.221106 0.310924 0.310924 0.193277 0.218487 0.260504 0.261745 0.255034 0.275168 0.134228 0.538462 0.192308 0.153846 0 0.115385 0.769231 0.923077 0.923077 0.730769 0.384615 
0.277778 0.208333 0.236111 0.323077 0.269231 0.207692 0.207692 0.253846 0.302469 0.216049 0.296296 0.135802 0.576923 0.307692 0.115385 0 0.0769231 0.615385 0.961538 0.923077 0.653846 0.269231 
0.263736 0.208791 0.197802 0.284404 0.256881 0.211009 0.229358 0.220183 0.272059 0.205882 0.272059 0.125 0.769231 0.346154 0.115385 0 0.115385 0.923077 0.923077 0.846154 0.653846 0.192308 
0.235043 0.166667 0.196581 0.278571 0.178571 0.192857 0.178571 0.242857 0.222857 0.205714 0.234286 0.148571 0.730769 0.230769 0.0769231 0 0.269231 0.884615 0.961538 0.884615 0.730769 0.423077 
0.259091 0.168182 0.222727 0.287879 0.212121 0.166667 0.204545 0.272727 0.193939 0.266667 0.290909 0.145455 0.4 0.15 0.05 0.05 0.25 0.45 0.95 0.95 0.75 0.4 
0.331633 0.168367 0.219388 0.367521 0.333333 0.179487 0.179487 0.264957 0.285714 0.306122 0.265306 0.14966 0.421053 0.105263 0 0 0.157895 0.473684 0.894737 0.894737 0.684211 0.368421 
0.268817 0.22043 0.236559 0.297297 0.306306 0.243243 0.234234 0.261261 0.215827 0.280576 0.280576 0.194245 0.444444 0.166667 0 0.0555556 0.222222 0.611111 0.888889 0.944444 0.722222 0.333333 
0.2723 0.234742 0.239437 0.289062 0.273438 0.242188 0.21875 0.273438 0.2625 0.26875 0.2875 0.175 0.7 0.2 0.05 0 0.15 0.75 0.95 0.85 0.65 0.4 
0.245714 0.228571 0.268571 0.228571 0.295238 0.257143 0.228571 0.32381 0.320611 0.198473 0.335878 0.175573 0.823529 0.352941 0.0588235 0 0.117647 0.882353 0.941176 0.882353 0.647059 0.352941 
0.195181 0.20241 0.2 0.184739 0.2249 0.196787 0.24498 0.188755 0.250804 0.141479 0.324759 0.0803859 0.793103 0.448276 0.137931 0 0.137931 0.931034 0.931034 0.724138 0.482759 0.137931 
0.20436 0.182561 0.209809 0.222727 0.209091 0.181818 0.2 0.231818 0.287273 0.134545 0.305455 0.0872727 0.827586 0.413793 0.206897 0.0344828 0.0344828 0.896552 0.931034 0.758621 0.517241 0.206897 
0.258258 0.228228 0.204204 0.241206 0.291457 0.266332 0.18593 0.226131 0.289157 0.24498 0.329317 0.0803213 0.777778 0.333333 0.185185 0.037037 0.037037 0.925926 0.962963 0.777778 0.481481 0.185185 
0.251479 0.230769 0.177515 0.29064 0.26601 0.231527 0.20197 0.172414 0.26087 0.249012 0.280632 0.0948617 0.758621 0.310345 0.137931 0.0344828 0.0689655 0.827586 0.931034 0.793103 0.517241 0.103448 
0.174641 0.186603 0.172249 0.188 0.2 0.168 0.188 0.18 0.226837 0.14377 0.261981 0.0766773 0.787879 0.393939 0.212121 0.0606061 0.030303 0.878788 0.939394 0.757576 0.484848 0.0909091 
0.193676 0.245059 0.229249 0.217105 0.197368 0.25 0.243421 0.230263 0.257895 0.194737 0.326316 0.121053 0.7 0.35 0.2 0.05 0.05 0.75 0.9 0.9 0.65 0.25 
0.306122 0.232653 0.2 0.340136 0.278912 0.244898 0.176871 0.244898 0.293478 0.293478 0.244565 0.152174 0.652174 0.130435 0 0 0.26087 0.782609 0.956522 0.913043 0.73913 0.26087 
0.333333 0.254545 0.233333 0.358586 0.333333 0.272727 0.232323 0.247475 0.358871 0.274194 0.342742 0.133065 0.625 0.1875 0.03125 0.125 0.21875 0.96875 0.90625 0.875 0.71875 0.4375 
0.205128 0.133903 0.205128 0.257143 0.133333 0.157143 0.171429 0.233333 0.228137 0.144487 0.224335 0.136882 0.516129 0.290323 0.0645161 0 0.129032 0.806452 0.967742 0.967742 0.774194 0.322581 
0.324324 0.189189 0.238739 0.37594 0.278195 0.172932 0.210526 0.278195 0.23494 0.319277 0.259036 0.174699 0.304348 0.0869565 0.0434783 0 0.26087 0.73913 0.956522 0.956522 0.913043 0.478261 
0.371429 0.288889 0.361905 0.343915 0.42328 0.285714 0.322751 0.412698 0.440678 0.262712 0.368644 0.305085 0.590909 0.227273 0.0454545 0 0.227273 0.818182 0.863636 0.954545 0.863636 0.454545 
0.307692 0.236686 0.304734 0.331683 0.272277 0.252475 0.272277 0.366337 0.320158 0.237154 0.339921 0.245059 0.692308 0.230769 0.0384615 0 0.230769 0.769231 0.961538 0.923077 0.769231 0.346154 
0.445455 0.295455 0.404545 0.522727 0.393939 0.318182 0.333333 0.484848 0.345455 0.478788 0.357576 0.363636 0.181818 0.136364 0 0 0.318182 0.363636 0.818182 0.954545 0.954545 0.545455 
0.282828 0.234848 0.318182 0.291139 0.28692 0.244726 0.270042 0.375527 0.299663 0.249158 0.319865 0.259259 0.518519 0.222222 0.037037 0 0.185185 0.62963 0.851852 0.925926 0.851852 0.407407 
0.330472 0.236052 0.317597 0.371429 0.292857 0.228571 0.342857 0.321429 0.297143 0.297143 0.297143 0.274286 0.36 0.12 0.04 0.04 0.32 0.52 0.88 0.96 0.8 0.36 
0.235562 0.191489 0.24772 0.270886 0.2 0.205063 0.237975 0.255696 0.273279 0.174089 0.331984 0.123482 0.710526 0.315789 0.105263 0 0.157895 0.763158 0.973684 0.842105 0.631579 0.236842 
0.245033 0.248344 0.248344 0.240331 0.270718 0.267956 0.256906 0.251381 0.322296 0.172185 0.395143 0.103753 0.810811 0.405405 0.162162 0 0.108108 0.891892 0.945946 0.756757 0.513514 0.162162 
0.321429 0.276786 0.261161 0.30597 0.350746 0.268657 0.298507 0.283582 0.35119 0.267857 0.366071 0.166667 0.821429 0.25 0.0714286 0 0.178571 0.857143 0.964286 0.928571 0.678571 0.25 
0.36 0.275556 0.273333 0.374074 0.359259 0.277778 0.281481 0.281481 0.403561 0.25816 0.385757 0.163205 0.8 0.3 0.0666667 0.0333333 0.2 0.833333 0.966667 0.866667 0.7 0.233333 
0.341935 0.380645 0.322581 0.326165 0.419355 0.405018 0.354839 0.322581 0.45977 0.278736 0.445402 0.229885 0.83871 0.387097 0.0967742 0.0322581 0.129032 0.935484 0.967742 0.903226 0.677419 0.290323 
0.204433 0.214286 0.229064 0.184805 0.26694 0.199179 0.240246 0.229979 0.256158 0.182266 0.311987 0.118227 0.785714 0.380952 0.190476 0 0.142857 0.785714 0.952381 0.809524 0.571429 0.166667 
0.176471 0.195722 0.233155 0.194296 0.167558 0.199643 0.229947 0.249554 0.223966 0.1398 0.340942 0.10271 0.869565 0.413043 0.152174 0.0217391 0.108696 0.913043 0.956522 0.804348 0.565217 0.195652 
0.112245 0.197279 0.251701 0.0586011 0.204159 0.189036 0.247637 0.268431 0.160363 0.113464 0.316188 0.160363 0.952381 0.404762 0.142857 0 0.285714 0.97619 0.857143 0.880952 0.666667 0.285714 
0.263672 0.255859 0.335938 0.254072 0.286645 0.250814 0.32899 0.364821 0.299479 0.234375 0.401042 0.208333 0.5625 0.25 0.0625 0 0.09375 0.625 0.96875 0.90625 0.65625 0.28125 
0.308943 0.268293 0.278455 0.345763 0.311864 0.250847 0.257627 0.322034 0.344173 0.249322 0.344173 0.205962 0.555556 0.222222 0.0833333 0 0.138889 0.805556 0.972222 0.916667 0.694444 0.361111 
0.263812 0.259669 0.211326 0.24424 0.334101 0.246544 0.198157 0.239631 0.309392 0.233886 0.276243 0.156538 0.463415 0.268293 0.0243902 0 0.146341 0.463415 0.97561 0.902439 0.634146 0.219512 
0.264339 0.226933 0.261845 0.270833 0.266667 0.220833 0.2875 0.2625 0.289037 0.212625 0.365449 0.149502 0.714286 0.321429 0.107143 0 0.142857 0.75 0.964286 0.857143 0.607143 0.25 
0.268018 0.175676 0.22973 0.315789 0.18797 0.191729 0.214286 0.255639 0.267267 0.207207 0.291291 0.135135 0.548387 0.225806 0.0967742 0.0322581 0.16129 0.806452 0.967742 0.16129 0.677419 0.225806 
0.226496 0.189459 0.176638 0.256532 0.178147 0.192399 0.178147 0.204276 0.243346 0.173004 0.256654 0.119772 0.564103 0.282051 0.102564 0 0.102564 0.74359 0.974359 0.871795 0.692308 0.25641 
0.220588 0.172059 0.164706 0.257353 0.186275 0.178922 0.17402 0.181373 0.227451 0.176471 0.221569 0.123529 0.8 0.225 0.075 0 0.175 0.8 0.975 0.875 0.7 0.275 
0.284211 0.183158 0.221053 0.347368 0.2 0.17193 0.22807 0.217544 0.269663 0.227528 0.264045 0.148876 0.483871 0.193548 0.0645161 0 0.193548 0.580645 0.935484 0.83871 0.677419 0.225806 
0.244898 0.173469 0.20068 0.286932 0.184659 0.196023 0.198864 0.210227 0.249433 0.199546 0.269841 0.111111 0.638889 0.277778 0.0833333 0 0.138889 0.638889 0.916667 0.861111 0.638889 0.25 
0.274583 0.163265 0.191095 0.303406 0.232198 0.179567 0.188854 0.201238 0.247525 0.232673 0.237624 0.131188 0.424242 0.151515 0.0606061 0 0.0909091 0.636364 0.939394 0.909091 0.727273 0.30303 
0.264925 0.160448 0.16791 0.34472 0.167702 0.161491 0.173913 0.173913 0.276119 0.18408 0.21393 0.116915 0.571429 0.171429 0.0571429 0 0.114286 0.628571 0.942857 0.828571 0.6 0.285714 
0.24025 0.165367 0.184087 0.270833 0.197917 0.195312 0.169271 0.200521 0.257796 0.178794 0.230769 0.118503 0.567568 0.189189 0.108108 0.0540541 0.0540541 0.675676 0.972973 0.864865 0.648649 0.162162 
0.223183 0.197232 0.200692 0.236994 0.219653 0.193642 0.199422 0.236994 0.226328 0.193995 0.263279 0.140878 0.764706 0.264706 0.0882353 0 0.205882 0.794118 0.941176 0.941176 0.735294 0.323529 
0.248025 0.162717 0.181675 0.297368 0.192105 0.163158 0.157895 0.192105 0.254737 0.193684 0.252632 0.0926316 0.552632 0.184211 0.0526316 0 0.157895 0.815789 0.973684 0.815789 0.578947 0.184211 
0.261036 0.213052 0.168906 0.298077 0.224359 0.208333 0.182692 0.169872 0.309463 0.196931 0.235294 0.109974 0.647059 0.323529 0.117647 0.0294118 0.147059 0.676471 0.970588 0.911765 0.676471 0.294118 
0.264184 0.202128 0.184397 0.304734 0.218935 0.207101 0.162722 0.201183 0.248227 0.245863 0.243499 0.115839 0.416667 0.111111 0.0277778 0 0.111111 0.444444 0.972222 0.861111 0.666667 0.305556 
0.291165 0.271084 0.232932 0.277592 0.307692 0.277592 0.284281 0.217391 0.320856 0.256684 0.360963 0.114973 0.617647 0.205882 0.205882 0.0588235 0.0882353 0.676471 0.970588 0.823529 0.588235 0.205882 
0.281022 0.308394 0.20438 0.270517 0.316109 0.334347 0.243161 0.18845 0.335766 0.257908 0.389294 0.0705596 0.742857 0.142857 0.0571429 0 0 0.771429 0.971429 0.742857 0.428571 0.0857143 
0.24359 0.206731 0.190705 0.227273 0.26738 0.229947 0.216578 0.181818 0.352564 0.138889 0.307692 0.0769231 0.666667 0.444444 0.305556 0.0833333 0.0555556 0.833333 0.972222 0.777778 0.444444 0.0555556 
0.368889 0.26 0.244444 0.418519 0.314815 0.244444 0.296296 0.240741 0.373887 0.281899 0.379822 0.139466 0.533333 0.3 0.2 0.1 0.0666667 0.666667 0.966667 0.866667 0.633333 0.2 
0.292576 0.240175 0.229258 0.32 0.28 0.250909 0.232727 0.229091 0.273256 0.290698 0.337209 0.113372 0.5625 0.34375 0 0.03125 0.0625 0.71875 0.96875 0.78125 0.53125 0.1875 
0.29709 0.271057 0.205207 0.285714 0.303571 0.272959 0.262755 0.191327 0.3 0.261224 0.342857 0.116327 0.65 0.25 0.2 0.1 0.1 0.8 0.95 0.825 0.575 0.2 
0.288288 0.228829 0.169369 0.333333 0.228228 0.249249 0.204204 0.162162 0.300481 0.240385 0.266827 0.122596 0.486486 0.297297 0 0.108108 0.162162 0.702703 0.432432 0.810811 0.567568 0.189189 
0.25744 0.300595 0.239583 0.248139 0.292804 0.297767 0.300248 0.243176 0.259921 0.285714 0.361111 0.14881 0.619048 0.261905 0.166667 0.166667 0.214286 0.738095 0.904762 0.809524 0.642857 0.309524 
0.273874 0.248649 0.236036 0.306306 0.234234 0.279279 0.288288 0.213213 0.298077 0.221154 0.346154 0.141827 0.529412 0.294118 0.176471 0.0882353 0.0588235 0.794118 0.970588 0.911765 0.617647 0.147059 
0.240196 0.22549 0.199346 0.258856 0.215259 0.231608 0.217984 0.212534 0.246187 0.230937 0.296296 0.119826 0.583333 0.305556 0 0.0833333 0.194444 0.777778 0.972222 0.833333 0.583333 0.25 
0.227273 0.20751 0.219368 0.257426 0.207921 0.211221 0.221122 0.240924 0.258575 0.187335 0.30343 0.126649 0.606061 0.30303 0.181818 0 0.121212 0.727273 0.969697 0.878788 0.636364 0.121212 

0.126482 0.181818 0.142292 0.0993377 0.198675 0.18543 0.198675 0.13245 0.275132 0.037037 0.15873 0.142857 0.913043 0.695652 0.434783 0.130435 0.521739 0.913043 0.826087 0.73913 0.652174 0.565217 
0.171821 0.19244 0.106529 0.16092 0.235632 0.178161 0.172414 0.0747126 0.307339 0.0688073 0.197248 0.0688073 0.913043 0.608696 0.26087 0.347826 0.347826 0.956522 0.826087 0.608696 0.434783 0.347826 
0.146982 0.191601 0.0682415 0.114035 0.214912 0.20614 0.122807 0.0614035 0.276224 0.0594406 0.181818 0.048951 0.923077 0.576923 0.192308 0.346154 0.269231 0.961538 0.769231 0.615385 0.384615 0.269231 
0.143939 0.171717 0.0580808 0.130802 0.206751 0.189873 0.07173 0.0548523 0.242424 0.0976431 0.138047 0.040404 0.931034 0.62069 0.0689655 0.344828 0.275862 0.965517 0.793103 0.586207 0.37931 0.275862 
0.111111 0.183761 0.119658 0.107143 0.114286 0.214286 0.207143 0.1 0.228571 0.0114286 0.251429 0.0628571 0.923077 0.807692 0.461538 0.0384615 0.346154 0.961538 0.846154 0.615385 0.461538 0.346154 
0.0872093 0.137597 0.0813953 0.0647249 0.12945 0.139159 0.142395 0.0517799 0.183463 0.0180879 0.175711 0.0258398 0.944444 0.722222 0.416667 0 0.25 0.944444 0.805556 0.583333 0.388889 0.25 
0.137584 0.204698 0.281879 0.134078 0.150838 0.24581 0.145251 0.418994 0.276786 0.03125 0.370536 0.196429 0.892857 0.678571 0.392857 0.428571 0.857143 0.892857 0.821429 0.571429 0.464286 0.892857 
0.217391 0.318841 0.26087 0.195122 0.317073 0.292683 0.317073 0.268293 0.431373 0.137255 0.529412 0.0392157 0.888889 0.555556 0.333333 0.111111 0 0.888889 0.666667 0.444444 0.222222 0.111111 
0.34127 0.142857 0.111111 0.28 0.386667 0.16 0.146667 0.12 0.382979 0.170213 0.170213 0.148936 0.857143 0.357143 0.571429 0.428571 0.428571 0.928571 0.785714 0.642857 0.5 0.428571 
0.285714 0.25 0.142857 0.19403 0.432836 0.283582 0.134328 0.164179 0.404762 0.202381 0.0952381 0.214286 0.928571 0.5 0.714286 0.571429 0.428571 0.928571 0.857143 0.714286 0.571429 0.5 
0.230769 0.0940171 0.123932 0.2 0.242857 0.1 0.1 0.142857 0.274286 0.102857 0.16 0.0914286 0.947368 0 0.578947 0.421053 0.315789 0.947368 0.789474 0.631579 0.473684 0.368421 
0.136364 0.181818 0.136364 0.110169 0.177966 0.220339 0.194915 0.127119 0.277027 0.0337838 0.168919 0.135135 0.909091 0.727273 0.454545 0.136364 0.545455 0.909091 0.818182 0.727273 0.636364 0.545455 
0.185022 0.185022 0.0969163 0.176471 0.220588 0.191176 0.147059 0.0808824 0.3 0.0705882 0.211765 0.0529412 0.909091 0.590909 0.272727 0.363636 0.363636 0.954545 0.818182 0.590909 0.409091 0.363636 
0.163194 0.184028 0.0694444 0.139535 0.215116 0.19186 0.127907 0.0697674 0.273148 0.0694444 0.185185 0.0462963 0.916667 0.583333 0.166667 0.333333 0.25 0.958333 0.75 0.583333 0.375 0.25 
0.156863 0.156863 0.0620915 0.125683 0.224044 0.180328 0.0819672 0.0546448 0.253275 0.100437 0.131004 0.0305677 0.925926 0.592593 0 0.333333 0.259259 0.962963 0.777778 0.555556 0.37037 0.259259 
0.285714 0.149351 0.12987 0.23913 0.326087 0.130435 0.119565 0.141304 0.336207 0.146552 0.224138 0.0517241 0.875 0.25 0.5 0.375 0.25 0.9375 0.75 0.5625 0.375 0.375 
0.187135 0.210526 0.111111 0.186275 0.205882 0.284314 0.137255 0.137255 0.304688 0.078125 0.164062 0.195312 0.842105 0.631579 0.210526 0.526316 0.421053 0.947368 0.789474 0.684211 0.526316 0.526316 
0.132042 0.151408 0.0880282 0.158358 0.11437 0.173021 0.117302 0.0791789 0.20892 0.0704225 0.225352 0 0.903226 0.645161 0.290323 0.193548 0.0322581 0.967742 0.709677 0.451613 0.258065 0.0645161 
0.128458 0.134387 0.120553 0.118812 0.165017 0.135314 0.145215 0.105611 0.271768 0.00527704 0.21372 0.0263852 0.967742 0.677419 0.483871 0.193548 0.129032 0.967742 0.83871 0.580645 0.322581 0.16129 
0.14902 0.162745 0.0862745 0.140523 0.160131 0.156863 0.140523 0.0751634 0.251309 0.039267 0.232984 0.0026178 0.866667 0.666667 0.4 0.3 0.166667 0.933333 0.833333 0.5 0.333333 0.2 
0.0909091 0.151515 0.13986 0.0933852 0.105058 0.155642 0.198444 0.116732 0.192547 0.0279503 0.282609 0.0186335 0.928571 0.714286 0.428571 0.107143 0.214286 0.964286 0.75 0.535714 0.392857 0.25 
0.129032 0.149194 0.0665323 0.138047 0.131313 0.181818 0.0942761 0.0707071 0.212366 0.0752688 0.188172 0 0.935484 0.645161 0.225806 0.193548 0 0.967742 0.741935 0.451613 0.225806 0.0322581 
0.197368 0.22807 0.0833333 0.161765 0.272059 0.264706 0.125 0.0882353 0.345029 0.111111 0.0584795 0.175439 0.947368 0.578947 0.157895 0.526316 0.526316 0.947368 0.842105 0.736842 0.578947 0.526316 
0.163333 0.16 0.0566667 0.161111 0.172222 0.172222 0.111111 0.0444444 0.262222 0.0666667 0.0755556 0.0977778 0.92 0.56 0.24 0 0.84 0.96 0.92 0.88 0.84 0.84 
0.140351 0.201754 0.0701754 0.117073 0.209756 0.190244 0.141463 0.0585366 0.265625 0.0703125 0.0742188 0.128906 0.925926 0.666667 0.222222 0.592593 0.555556 0.962963 0.851852 0.703704 0.62963 0.555556 
0.180723 0.200803 0.064257 0.147651 0.234899 0.234899 0.127517 0.0536913 0.283422 0.0962567 0.149733 0.0802139 0.909091 0.545455 0.181818 0.5 0.409091 0.954545 0.818182 0.636364 0.5 0.409091 
0.181818 0.177033 0.076555 0.168 0.24 0.184 0.112 0.072 0.288462 0.0833333 0.0961538 0.153846 0.947368 0.526316 0.157895 0.473684 0.421053 0.947368 0.789474 0.631579 0.526316 0.421053 
0.197917 0.322917 0.145833 0.197674 0.232558 0.348837 0.290698 0.0872093 0.375 0.106481 0.333333 0.0972222 0.875 0.625 0.25 0.0416667 0.333333 0.916667 0.75 0.625 0.5 0.375 
0.217195 0.257919 0.108597 0.18797 0.308271 0.270677 0.150376 0.0902256 0.349398 0.13253 0.283133 0.0421687 0.947368 0.526316 0.105263 0.315789 0.157895 0.947368 0.736842 0.526316 0.368421 0.157895 
0.269767 0.311628 0.227907 0.224806 0.395349 0.271318 0.333333 0.186047 0.416149 0.217391 0.465839 0 0.882353 0.470588 0.235294 0 0.235294 0.882353 0.764706 0.411765 0.235294 0.235294 
0.146479 0.270423 0.15493 0.14554 0.201878 0.28169 0.248826 0.122066 0.281955 0.105263 0.221805 0.169173 0.923077 0.576923 0.269231 0 0.461538 0.961538 0.692308 0.615385 0.576923 0.538462 
0.15873 0.27619 0.11746 0.142857 0.21164 0.296296 0.222222 0.0793651 0.275424 0.144068 0.288136 0.144068 0.909091 0.545455 0.272727 0.0454545 0.409091 0.954545 0.681818 0.545455 0.545455 0.409091 
0.251773 0.195035 0.138298 0.289941 0.207101 0.230769 0.147929 0.147929 0.436019 0.0758294 0.303318 0.014218 0.888889 0.611111 0.388889 0.222222 0 0.944444 0.666667 0.5 0.277778 0.0555556 
0.311688 0.311688 0.285714 0.304348 0.315217 0.326087 0.326087 0.293478 0.591304 0.0956522 0.504348 0.156522 0.818182 0.545455 0.363636 0.181818 0 0.818182 0.727273 0.545455 0.363636 0.181818 
0.19697 0.265152 0.215909 0.170886 0.259494 0.28481 0.259494 0.208861 0.393939 0.0808081 0.439394 0.020202 0.833333 0.611111 0.333333 0.111111 0 0.944444 0.777778 0.555556 0.277778 0.111111 
0.146608 0.212254 0.251641 0.120438 0.215328 0.244526 0.105839 0.354015 0.239067 0.131195 0.309038 0.177843 0.821429 0.535714 0.0357143 0.357143 0.321429 0.892857 0.714286 0.607143 0.464286 0.321429 
0.1341 0.216475 0.0842912 0.111821 0.198083 0.252396 0.0958466 0.0798722 0.255102 0.0867347 0.181122 0.0663265 0.90625 0.625 0.1875 0.40625 0.34375 0.90625 0.78125 0.625 0.46875 0.375 
0.1875 0.223958 0.119792 0.134783 0.282609 0.230435 0.147826 0.121739 0.298611 0.163194 0.201389 0.0590278 0.875 0.541667 0.541667 0.333333 0.291667 0.875 0.791667 0.625 0.416667 0.333333 
0.112821 0.24359 0.107692 0.111111 0.136752 0.286325 0.192308 0.102564 0.212329 0.0616438 0.284247 0.10274 0.846154 0.692308 0.269231 0.461538 0.346154 0.923077 0.807692 0.615385 0.5 0.346154 
0.119512 0.22439 0.0902439 0.101626 0.146341 0.284553 0.138211 0.101626 0.25 0.0714286 0.25974 0.0519481 0.892857 0.678571 0.178571 0.428571 0.285714 0.928571 0.892857 0.571429 0.464286 0.357143 
0.156177 0.230769 0.109557 0.151751 0.175097 0.2607 0.171206 0.108949 0.273292 0.0807453 0.304348 0.0248447 0.821429 0.678571 0.107143 0.392857 0.285714 0.964286 0.821429 0.535714 0.464286 0.321429 
0.148256 0.247093 0.133721 0.126214 0.242718 0.286408 0.131068 0.135922 0.255814 0.147287 0.317829 0.0232558 0.916667 0.666667 0.0416667 0.25 0.0833333 0.958333 0.833333 0.541667 0.333333 0.125 

0.0896861 0.083707 0.206278 0.0972569 0.109726 0.0773067 0.167082 0.214464 0.183267 0.0179283 0.173307 0.13745 0.77551 0.571429 0.653061 0.142857 0.693878 0.897959 0.836735 0.673469 0.55102 0.857143 
0.131229 0.0813953 0.200997 0.099723 0.160665 0.0747922 0.121884 0.268698 0.232816 0 0.184035 0.128603 0.790698 0.651163 0.627907 0.325581 0.0465116 0.790698 0.813953 0.651163 0.465116 0.139535 
0.182731 0.100402 0.194779 0.173913 0.204013 0.083612 0.180602 0.187291 0.296791 0.0374332 0.168449 0.139037 0.705882 0.470588 0.647059 0.176471 0.0588235 0.764706 0.794118 0.676471 0.647059 0.0588235 
0.147193 0.0682853 0.151745 0.146835 0.144304 0.0582278 0.111392 0.182278 0.180162 0.0688259 0.149798 0.0931174 0.604651 0.395349 0.627907 0.209302 0 0.674419 0.744186 0.651163 0.395349 0.0465116 
0.104348 0.101449 0.202899 0.103865 0.111111 0.115942 0.176329 0.217391 0 0.218147 0.235521 0.0849421 0.410714 0.232143 0.178571 0.0357143 0.303571 0.446429 0.464286 0.392857 0.767857 0.410714 
0.124823 0.114894 0.188652 0.0921986 0.182033 0.125296 0.111111 0.241135 0.242424 0.0265152 0.179924 0.136364 0.744681 0.531915 0.425532 0.446809 0.680851 0.765957 0.765957 0.702128 0.957447 0.744681 
0.242857 0.128571 0.314286 0.333333 0.142857 0.130952 0.154762 0.428571 0.266667 0.180952 0.361905 0.133333 0.4 0.666667 0.4 0.0666667 0.133333 0.6 0.666667 0.4 0.133333 0.266667 
0.305785 0.132231 0.231405 0.430556 0.166667 0.138889 0.138889 0.319444 0.373626 0.153846 0.208791 0.230769 0.571429 0.0714286 0.642857 0.357143 0.428571 0.857143 0.928571 0.714286 0.428571 0.714286 
0.2 0.0642857 0.25 0.27381 0.107143 0.0714286 0.0714286 0.369048 0.238095 0.104762 0.247619 0.142857 0.266667 0.666667 0.466667 0.133333 0.0666667 0.6 0.666667 0.466667 0.133333 0.4 
0.133333 0.0861789 0.278049 0.176152 0.0894309 0.0867209 0.168022 0.363144 0.0368764 0.21692 0.27115 0.160521 0.4 0.466667 0.377778 0.133333 0.555556 0.422222 0.511111 0.422222 0.288889 0.844444 
0.218884 0.122318 0.330472 0.264286 0.171429 0.110714 0.264286 0.364286 0.137143 0.251429 0.388571 0.131429 0.35 0.2 0.425 0.075 0.55 0.5 0.575 0.5 0.325 0.95 
0.0978887 0.084453 0.209213 0.0961538 0.11859 0.0865385 0.176282 0.208333 0.181586 0.028133 0.176471 0.13555 0.76087 0.565217 0.630435 0.152174 0.695652 0.891304 0.826087 0.652174 0.543478 0.847826 
0.128035 0.0838852 0.218543 0.0955882 0.169118 0.0698529 0.147059 0.275735 0.229412 0 0.202941 0.132353 0.775 0.65 0.625 0.325 0.05 0.775 0.8 0.65 0.45 0.125 
0.184896 0.104167 0.205729 0.173913 0.186957 0.073913 0.191304 0.208696 0.274306 0.0381944 0.180556 0.149306 0.71875 0.46875 0.65625 0.1875 0.0625 0.75 0.78125 0.6875 0.65625 0.0625 
0.156187 0.0689655 0.162272 0.158784 0.148649 0.0641892 0.121622 0.189189 0.186486 0.0756757 0.162162 0.0945946 0.6 0.4 0.625 0.225 0 0.675 0.75 0.65 0.4 0.05 
0.152603 0.10772 0.233393 0.170659 0.122754 0.0868263 0.230539 0.248503 0.227273 0.0311005 0.263158 0.157895 0.736842 0.447368 0.5 0.131579 0 0.868421 0.736842 0.526316 0.947368 0.605263 
0.124066 0.0941704 0.19432 0.149626 0.0922693 0.0822943 0.201995 0.179551 0.213147 0 0.197211 0.135458 0.853659 0.560976 0.585366 0.170732 0.0243902 0.95122 0.829268 0.634146 0.536585 0.0487805 
0.110465 0.0668605 0.207849 0.123786 0.0898058 0.0703883 0.184466 0.211165 0.187984 0 0.195736 0.131783 0.860465 0.55814 0.627907 0.232558 0 0.953488 0.906977 0.651163 0.860465 0.0232558 
0.14652 0.161172 0.234432 0.16208 0.131498 0.140673 0.259939 0.262997 0.185819 0.0977995 0.261614 0.168704 0.74359 0.307692 0.102564 0.0769231 0.025641 0.948718 0.897436 0.641026 0.897436 0.0512821 
0.139496 0.109244 0.215126 0.154062 0.128852 0.0868347 0.19888 0.212885 0.206278 0.0493274 0.235426 0.123318 0.842105 0.421053 0.657895 0.131579 0.0263158 0.894737 0.921053 0.710526 0.526316 0.0789474 
0.0927602 0.153846 0.262443 0.113208 0.0641509 0.173585 0.222642 0.316981 0.1571 0.0060423 0.326284 0.190332 0.676471 0.735294 0.176471 0 0.0882353 0.735294 0.764706 0.676471 0.529412 0.176471 
0.216129 0.112903 0.23871 0.263441 0.16129 0.11828 0.112903 0.333333 0.181034 0.193966 0.24569 0.155172 0.566667 0.1 0.466667 0.266667 0.1 0.7 0.666667 0.533333 0.333333 0.3 
0.163636 0.0987013 0.27013 0.199134 0.121212 0.0822511 0.186147 0.333333 0.201389 0.0868056 0.263889 0.166667 0.714286 0.257143 0.428571 0.2 0 0.771429 0.714286 0.485714 0.4 0.0571429 
0.23301 0.0873786 0.213592 0.302703 0.140541 0.102703 0.124324 0.297297 0.206897 0.181034 0.206897 0.142241 0.37931 0 0.586207 0.344828 0.172414 0.758621 0.793103 0.655172 0.413793 0.275862 
0.236908 0.0997506 0.264339 0.266667 0.191667 0.0791667 0.120833 0.366667 0.259136 0.122924 0.262458 0.159468 0.857143 0.107143 0.607143 0.214286 0.928571 0.892857 0.892857 0.642857 0.285714 0.928571 
0.145215 0.181518 0.452145 0.175824 0.131868 0.17033 0.423077 0.467033 0.23348 0.0881057 0.546256 0.237885 0.423077 0.538462 0.461538 0.115385 0.0769231 0.538462 0.615385 0.538462 0.538462 0.961538 
0.18 0.1 0.292 0.226667 0.113333 0.113333 0.206667 0.36 0.278075 0.026738 0.283422 0.213904 0.6 0.68 0.56 0.28 0.64 0.68 0.76 0.6 0.52 0.8 
0.207756 0.113573 0.387812 0.248848 0.156682 0.115207 0.24424 0.493088 0.121771 0.258303 0.391144 0.214022 0.428571 0.171429 0.371429 0.0571429 0.485714 0.514286 0.542857 0.457143 0.371429 0.828571 
0.392405 0.237342 0.341772 0.447368 0.357895 0.205263 0.205263 0.463158 0.468354 0.236287 0.421941 0.194093 0.64 0.2 0.48 0.2 0.08 0.88 0.88 0.64 0.32 0.24 
0.146429 0.158929 0.317857 0.142857 0.181548 0.0863095 0.363095 0.297619 0.166667 0.116667 0.369048 0.188095 0.585366 0.365854 0.463415 0.0243902 0.463415 0.585366 0.634146 0.512195 0.878049 0.585366 
0.223776 0.127622 0.267483 0.209913 0.241983 0.110787 0.253644 0.241983 0.384615 0.013986 0.270396 0.142191 0.848485 0.484848 0.69697 0.0606061 0.121212 0.878788 0.939394 0.727273 0.515152 0.121212 
0.180867 0.106129 0.32287 0.15212 0.219451 0.0897756 0.279302 0.311721 0.237052 0.0976096 0.2749 0.217131 0.585366 0.365854 0.487805 0.097561 0.658537 0.658537 0.658537 0.536585 0.97561 0.682927 
0.185299 0.143951 0.255743 0.178571 0.181122 0.0969388 0.313776 0.244898 0.269388 0.0469388 0.295918 0.161224 0.783784 0.432432 0.540541 0.0540541 0.108108 0.810811 0.783784 0.540541 0.540541 0.135135 
0.179487 0.150641 0.270833 0.200535 0.147059 0.13369 0.299465 0.291444 0.288462 0.025641 0.320513 0.185897 0.75 0.5 0.611111 0.0277778 0.0555556 0.805556 0.833333 0.666667 0.944444 0.138889 
0.101333 0.133333 0.232 0.1 0.0933333 0.0755556 0.304444 0.224444 0.0516014 0.144128 0.30605 0.119217 0 0.34 0.4 0.02 0.08 0.5 0.52 0.4 0.74 0.12 
0.096732 0.147712 0.226144 0.0980392 0.0915033 0.126362 0.27451 0.233115 0.0750436 0.0994764 0.294939 0.157068 0.470588 0.411765 0.431373 0.0196078 0.45098 0.490196 0.54902 0.431373 0.764706 0.509804 
0.151832 0.108202 0.378709 0.19186 0.104651 0.0784884 0.369186 0.34593 0.246512 0 0.35814 0.230233 0.651163 0.55814 0.627907 0.0232558 0.0697674 0.790698 0.767442 0.674419 0.906977 0.581395 
0.141925 0.128874 0.24633 0.154891 0.119565 0.100543 0.26087 0.263587 0.236957 0.00869565 0.280435 0.163043 0.675 0.5 0.525 0.3 0.525 0.75 0.75 0.575 0.975 0.55 

0.140553 0.140553 0.133641 0.176923 0.1 0.184615 0.0923077 0.184615 0.246154 0.0276923 0.12 0.190769 0.806452 0.903226 0.548387 0.870968 0.0967742 0.83871 0.935484 0.83871 0.903226 0.322581 
0.132353 0.169118 0.166667 0.183673 0.077551 0.236735 0.0734694 0.232653 0.254902 0.0784314 0.147059 0.19281 0.685714 0.8 0.4 0.942857 0.228571 0.771429 0.828571 0.857143 0.971429 0.428571 
0.147253 0.145055 0.175824 0.205128 0.106227 0.190476 0.102564 0.230769 0.281525 0.0439883 0.111437 0.202346 0.641026 0.794872 0.410256 0.871795 0.358974 0.923077 0.820513 0.871795 0.923077 0.615385 
0.170608 0.118243 0.158784 0.239437 0.0929577 0.160563 0.0732394 0.216901 0.263514 0.0765766 0.108108 0.171171 0.583333 0.270833 0.458333 0.916667 0.145833 0.875 0.791667 0.833333 0.979167 0.479167 
0.201878 0.131455 0.138498 0.277344 0.113281 0.171875 0.0898438 0.1875 0.2625 0.09375 0.09375 0.203125 0.7 0.8 0.45 0.85 0.025 0.975 0.825 0.625 0.9 0.2 
0.165414 0.12406 0.167293 0.194357 0.147335 0.119122 0.0721003 0.247649 0.185464 0.137845 0.132832 0.160401 0.619048 0.690476 0.428571 0.714286 0.190476 0.833333 0.809524 0.52381 0.738095 0.595238 
0.217647 0.170588 0.188235 0.264706 0.186275 0.205882 0.156863 0.215686 0.393701 0.0787402 0.11811 0.212598 0.466667 0.8 0.866667 0.666667 0.0666667 0.866667 0.866667 0.933333 0.733333 0.333333 
0.182796 0.134409 0.11828 0.243243 0.117117 0.171171 0.0810811 0.153153 0.309353 0.0863309 0.122302 0.100719 0.611111 0.833333 0.722222 0.555556 0 0.722222 0.833333 0.777778 0.555556 0 
0.157407 0.134259 0.12963 0.20155 0.108527 0.162791 0.116279 0.162791 0.222222 0.0740741 0.123457 0.179012 0.722222 0.722222 0.388889 0.722222 0 0.722222 0.722222 0.388889 0.777778 0.111111 
0.310811 0.192568 0.233108 0.372881 0.248588 0.20339 0.152542 0.299435 0.342342 0.225225 0.346847 0.112613 0.666667 0.708333 0.25 0.5 0.0833333 0.791667 0.833333 0.333333 0.583333 0.166667 
0.238727 0.135279 0.201592 0.30531 0.141593 0.150442 0.119469 0.265487 0.361702 0.0567376 0.262411 0.148936 0.551724 0.862069 0.551724 0.482759 0.206897 0.827586 0.965517 0.655172 0.551724 0.275862 
0.140244 0.143293 0.125 0.167513 0.111675 0.187817 0.111675 0.15736 0.243902 0.0325203 0.101626 0.199187 0.793103 0.896552 0.551724 0.862069 0.103448 0.827586 0.931034 0.827586 0.896552 0.310345 
0.142857 0.155844 0.175325 0.195652 0.0869565 0.211957 0.0815217 0.25 0.255411 0.0995671 0.12987 0.181818 0.69697 0.727273 0.333333 0.939394 0.242424 0.757576 0.757576 0.878788 0.969697 0.424242 
0.148459 0.131653 0.179272 0.196262 0.088785 0.168224 0.0934579 0.247664 0.287313 0.0373134 0.123134 0.19403 0.648649 0.810811 0.432432 0.891892 0.378378 0.918919 0.837838 0.891892 0.918919 0.621622 
0.175 0.111364 0.163636 0.242424 0.0871212 0.143939 0.0643939 0.234848 0.254545 0.0848485 0.121212 0.145455 0.590909 0.272727 0.477273 0.931818 0.136364 0.886364 0.795455 0.886364 0.977273 0.477273 
0.139576 0.141343 0.113074 0.173529 0.144118 0.138235 0.0823529 0.135294 0.247059 0.0776471 0.138824 0.0752941 0.823529 0.441176 0.264706 0.5 0.0588235 0.941176 0.735294 0.735294 0.558824 0.176471 
0.145359 0.122592 0.1331 0.148688 0.148688 0.12828 0.104956 0.154519 0.254673 0.0420561 0.161215 0.0771028 0.828571 0.657143 0.285714 0.485714 0.114286 0.971429 0.714286 0.742857 0.542857 0.114286 
0.127451 0.158824 0.139216 0.166667 0.0915033 0.186275 0.111111 0.186275 0.235602 0.0340314 0.235602 0.0732984 0.794118 0.735294 0.411765 0.558824 0.0294118 0.970588 0.794118 0.676471 0.588235 0.205882 
0.126866 0.126866 0.117537 0.167702 0.108696 0.15528 0.0745342 0.149068 0.266169 0.0323383 0.134328 0.0895522 0.914286 0.8 0.371429 0.571429 0.171429 0.942857 0.857143 0.714286 0.628571 0.171429 
0.116554 0.133446 0.143581 0.138028 0.132394 0.143662 0.0929577 0.191549 0.245495 0.027027 0.182432 0.0833333 0.864865 0.72973 0.378378 0.567568 0.108108 0.972973 0.756757 0.783784 0.594595 0.243243 
0.203125 0.16875 0.121875 0.229167 0.166667 0.21875 0.140625 0.104167 0.1625 0.2875 0.0625 0.2125 0.458333 0.0416667 0.5 0.708333 0.291667 0.541667 0.5 0.75 0.791667 0.291667 
0.196667 0.136667 0.106667 0.272222 0.111111 0.144444 0.138889 0.0944444 0.208889 0.2 0.102222 0.124444 0.454545 0.454545 0.818182 0.454545 0 0.545455 0.5 0.909091 0.590909 0 
0.269444 0.138889 0.15 0.384259 0.157407 0.171296 0.106481 0.171296 0.307407 0.2 0.0666667 0.203704 0.814815 0.555556 0.740741 0.851852 0 0.925926 0.62963 0.851852 0.925926 0.185185 
0.280303 0.223485 0.170455 0.386076 0.21519 0.253165 0.101266 0.234177 0.424242 0.176768 0.141414 0.186869 0.875 0.708333 0.333333 0.833333 0.208333 0.958333 0.75 0.875 0.875 0.458333 
0.272727 0.118577 0.146245 0.381579 0.125 0.131579 0.144737 0.144737 0.3 0.163158 0.0894737 0.189474 0.842105 0.578947 0.631579 0.631579 0.105263 0.894737 0.631579 0.684211 0.736842 0.157895 
0.327526 0.216028 0.254355 0.412791 0.273256 0.209302 0.19186 0.319767 0.4 0.223256 0.204651 0.283721 0.52381 0.761905 0.380952 0.666667 0.0952381 0.761905 0.857143 0.47619 0.761905 0.0952381 
0.324561 0.179825 0.27193 0.397059 0.242647 0.147059 0.205882 0.345588 0.350877 0.22807 0.292398 0.222222 0.277778 0.722222 0.333333 0.555556 0 0.444444 0.888889 0.388889 0.666667 0.388889 
0.233266 0.243408 0.255578 0.291525 0.159322 0.213559 0.277966 0.355932 0.246612 0.162602 0.284553 0.317073 0.517241 0.241379 0.413793 0.896552 0.0344828 0.517241 0.724138 0.517241 0.965517 0.310345 
0.154867 0.115044 0.157817 0.201474 0.0835381 0.154791 0.0982801 0.199017 0.283465 0.015748 0.11811 0.161417 0.810811 0.324324 0.837838 0.72973 0.0540541 0.810811 0.918919 0.945946 0.810811 0.162162 
0.214826 0.183056 0.175492 0.257576 0.159091 0.239899 0.106061 0.229798 0.314516 0.118952 0.137097 0.239919 0.5625 0.25 0.34375 0.84375 0.0625 0.6875 0.90625 0.875 0.90625 0.125 
0.235867 0.20078 0.183236 0.283388 0.156352 0.254072 0.140065 0.237785 0.291667 0.127604 0.143229 0.307292 0.259259 0.555556 0.407407 0.888889 0.148148 0.555556 0.703704 0.592593 0.962963 0.444444 
0.181347 0.178756 0.220207 0.224138 0.142241 0.25 0.133621 0.293103 0.327586 0.0172414 0.248276 0.217241 0.896552 0.586207 0.37931 0.0344828 0.172414 0.931034 0.862069 0.655172 0.758621 0.413793 
0.149406 0.151104 0.179966 0.181303 0.0991501 0.201133 0.0764873 0.254958 0.269841 0.015873 0.181406 0.210884 0.83871 0.83871 0.419355 0.806452 0.225806 0.903226 0.903226 0.741935 0.870968 0.387097 
0.193603 0.296296 0.242424 0.238764 0.171348 0.351124 0.292135 0.219101 0.307865 0.18427 0.283146 0.240449 0.575758 0.606061 0.0606061 0.181818 0.181818 0.757576 0.666667 0.666667 0.666667 0.30303 
0.181982 0.21982 0.236036 0.225225 0.135135 0.276276 0.255255 0.237237 0.334135 0.0600962 0.271635 0.211538 0.794118 0.735294 0.441176 0.294118 0.205882 0.852941 0.794118 0.764706 0.764706 0.352941 
0.202922 0.199675 0.217532 0.241192 0.159892 0.257453 0.116531 0.306233 0.37013 0.0454545 0.253247 0.201299 0.878788 0.515152 0.242424 0.666667 0.151515 0.878788 0.878788 0.69697 0.757576 0.333333 
0.150485 0.127832 0.223301 0.183288 0.161725 0.113208 0.231806 0.180593 0.295896 0.0323974 0.187905 0.164147 0.914286 0.457143 0.771429 0.142857 0.228571 0.914286 0.771429 0.828571 0.828571 0.228571 
0.174957 0.25729 0.22813 0.223496 0.146132 0.312321 0.289398 0.212034 0.203661 0.185355 0.324943 0.203661 0.606061 0.606061 0.121212 0.151515 0.030303 0.636364 0.666667 0.636364 0.606061 0.181818 
0.166268 0.123206 0.240431 0.173653 0.169661 0.143713 0.173653 0.279441 0.299841 0.0366826 0.188198 0.191388 0.727273 0.477273 0.727273 0.636364 0.227273 0.795455 0.75 0.772727 0.818182 0.340909 
0.164006 0.285922 0.179971 0.196126 0.215496 0.271186 0.217918 0.179177 0.263566 0.162791 0.228682 0.195736 0.564103 0.615385 0.692308 0.025641 0.153846 0.692308 0.641026 0.974359 0.666667 0.307692 
0.212291 0.316574 0.258845 0.232919 0.177019 0.397516 0.304348 0.285714 0.342432 0.166253 0.344913 0.25062 0.774194 0.290323 0.129032 0.387097 0.0645161 0.774194 0.741935 0.806452 0.709677 0.258065 
0.191388 0.164274 0.250399 0.223404 0.143617 0.207447 0.239362 0.234043 0.344681 0.0531915 0.231915 0.219149 0.818182 0.454545 0.393939 0.0606061 0.212121 0.939394 0.848485 0.848485 0.787879 0.272727 
0.138462 0.251923 0.223077 0.176282 0.160256 0.269231 0.278846 0.195513 0.235897 0.166667 0.271795 0.179487 0.6 0.533333 0.666667 0.0333333 0.133333 0.633333 0.666667 0.966667 0.633333 0.266667 
0.149425 0.157088 0.199234 0.169329 0.127796 0.217252 0.0830671 0.27476 0.280612 0.0255102 0.219388 0.178571 0.8125 0.8125 0.34375 0.71875 0.21875 0.84375 0.875 0.71875 0.78125 0.28125 
0.181818 0.130909 0.147273 0.230303 0.130303 0.169697 0.0939394 0.193939 0.313107 0.00242718 0.152913 0.165049 0.787879 0.666667 0.484848 0.69697 0.181818 0.939394 0.909091 0.636364 0.727273 0.333333 
0.149905 0.204934 0.176471 0.208861 0.0917722 0.291139 0.0822785 0.240506 0.316456 0.0632911 0.174684 0.179747 0.677419 0.806452 0.258065 0.83871 0.193548 0.774194 0.83871 0.935484 0.903226 0.258065 
0.1875 0.217742 0.153226 0.23569 0.13468 0.292929 0.0942761 0.208754 0.333333 0.094086 0.212366 0.150538 0.741935 0.806452 0.193548 0.612903 0.16129 0.870968 0.903226 0.612903 0.645161 0.16129 

0.156463 0.255102 0.156463 0.176136 0.159091 0.267045 0.284091 0.0852273 0.104545 0.259091 0.190909 0.195455 0.333333 0.190476 0 0.0952381 0.428571 0.380952 0.190476 0.809524 0.571429 0.428571 
0.155172 0.284483 0.100575 0.153846 0.1875 0.302885 0.216346 0.0817308 0.187739 0.195402 0.203065 0.16092 0.206897 0.103448 0 0.482759 0.482759 0.241379 0.827586 0.689655 0.586207 0.482759 
0.197411 0.265372 0.0776699 0.210811 0.227027 0.324324 0.135135 0.0810811 0.25 0.215517 0.189655 0.103448 0.965517 0.103448 0.0344828 0.482759 0.413793 0.965517 0.758621 0.62069 0.517241 0.448276 
0.153846 0.196286 0.0689655 0.115044 0.212389 0.256637 0.0973451 0.0530973 0.191489 0.170213 0.205674 0.0177305 0.137931 0.0344828 0 0.241379 0.137931 0.172414 0.827586 0.517241 0.310345 0.137931 
0.17316 0.324675 0.108225 0.123188 0.253623 0.369565 0.253623 0.0942029 0.179191 0.219653 0.289017 0.17341 0.333333 0.0952381 0 0.428571 0.380952 0.333333 0.904762 0.666667 0.52381 0.380952 
0.2589 0.220065 0.0647249 0.243243 0.318919 0.254054 0.0756757 0.0648649 0.275862 0.262931 0.198276 0 0.275862 0.0689655 0 0.241379 0.241379 0.965517 0.793103 0.448276 0.275862 0.241379 
0.150215 0.257511 0.0815451 0.121429 0.25 0.285714 0.0857143 0.0785714 0.16 0.245714 0.137143 0.148571 0.2 0.05 0.05 0.6 0.45 0.4 0.95 0.8 0.6 0.55 
0.0749543 0.202925 0.102377 0.070122 0.121951 0.213415 0.179878 0.0792683 0.170732 0.0317073 0.168293 0.14878 0.870968 0.612903 0.354839 0.0322581 0.387097 0.935484 0.645161 0.83871 0.612903 0.419355 
0.0742188 0.210938 0.119141 0.0716612 0.100977 0.201954 0.254072 0.0879479 0.164062 0.0442708 0.197917 0.153646 0.84375 0.59375 0.34375 0.09375 0.40625 0.84375 0.65625 0.84375 0.625 0.4375 
0.0523649 0.173986 0.146959 0.0450704 0.0873239 0.149296 0.222535 0.115493 0.153153 0.0157658 0.184685 0.128378 0.891892 0.675676 0.432432 0.135135 0.351351 0.891892 0.702703 0.891892 0.594595 0.378378 
0.0630252 0.216387 0.142857 0.0596491 0.0807018 0.2 0.291228 0.108772 0.142857 0.0392157 0.218487 0.159664 0.823529 0.617647 0.352941 0.0588235 0.411765 0.852941 0.647059 0.852941 0.617647 0.441176 
0.139535 0.260465 0.186047 0.147287 0.162791 0.27907 0.325581 0.0852713 0.0993789 0.248447 0.21118 0.21118 0.315789 0.210526 0 0.105263 0.421053 0.368421 0.210526 0.842105 0.578947 0.421053 
0.162963 0.262963 0.0925926 0.166667 0.197531 0.290123 0.185185 0.0679012 0.193069 0.183168 0.19802 0.143564 0.185185 0.0740741 0 0.481481 0.481481 0.222222 0.851852 0.666667 0.555556 0.481481 
0.200855 0.277778 0.0854701 0.214286 0.264286 0.307143 0.178571 0.0928571 0.262857 0.217143 0.194286 0.12 0.962963 0.111111 0.037037 0.481481 0.407407 0.962963 0.814815 0.62963 0.555556 0.444444 
0.149306 0.21875 0.0625 0.133721 0.203488 0.284884 0.0813953 0.0581395 0.199074 0.208333 0.189815 0.0138889 0.148148 0.037037 0 0.259259 0.148148 0.185185 0.777778 0.518519 0.296296 0.148148 
0.0891473 0.180233 0.162791 0.0550162 0.152104 0.158576 0.262136 0.0711974 0.175711 0.0568475 0.219638 0.103359 0.777778 0.583333 0.333333 0 0.333333 0.777778 0.972222 0.777778 0.555556 0.361111 
0.232955 0.207386 0.0767045 0.236967 0.246445 0.246445 0.0947867 0.07109 0.265152 0.234848 0.0454545 0.155303 0.913043 0.0869565 0.0434783 0.565217 0.521739 0.956522 0.826087 0.73913 0.608696 0.521739 
0.151976 0.31003 0.0729483 0.121827 0.248731 0.279188 0.238579 0.0456853 0.226721 0.17004 0.198381 0.121457 0.423077 0.307692 0.0769231 0.538462 0.461538 0.423077 0.923077 0.730769 0.576923 0.461538 
0.236667 0.223333 0.0733333 0.233333 0.288889 0.25 0.0888889 0.0722222 0.262222 0.275556 0.0266667 0.155556 0.227273 0.0454545 0.0454545 0.727273 0.681818 0.272727 0.863636 0.818182 0.727273 0.681818 
0.163823 0.245734 0.0853242 0.119318 0.289773 0.289773 0.0852273 0.0795455 0.2 0.281818 0.0454545 0.159091 0.409091 0.136364 0.0454545 0.772727 0.772727 0.409091 0.909091 0.863636 0.818182 0.772727 
0.277778 0.226496 0.0897436 0.25 0.342857 0.25 0.121429 0.0857143 0.302857 0.274286 0.0285714 0.194286 0.111111 0.0555556 0.722222 0.611111 0.5 0.166667 0.944444 0.777778 0.611111 0.5 
0.274914 0.371134 0.120275 0.275862 0.333333 0.471264 0.172414 0.12069 0.33945 0.334862 0.243119 0.252294 0.434783 0.304348 0.0434783 0.478261 0.478261 0.521739 0.73913 0.608696 0.565217 0.521739 
0.274457 0.421196 0.108696 0.263636 0.3 0.518182 0.25 0.0909091 0.351449 0.304348 0.394928 0.0724638 0.304348 0.0869565 0.0434783 0.304348 0.304348 0.347826 0.652174 0.826087 0.391304 0.304348 
0.228571 0.409524 0.1 0.214286 0.353175 0.535714 0.126984 0.0952381 0.365079 0.320635 0.171429 0.212698 0.5 0.357143 0.0714286 0.5 0.571429 0.535714 0.678571 0.607143 0.571429 0.571429 
0.197479 0.392857 0.0819328 0.192982 0.238596 0.57193 0.0982456 0.0842105 0.35014 0.29972 0.131653 0.184874 0.5 0.294118 0 0.588235 0.617647 0.529412 0.794118 0.705882 0.647059 0.647059 
0.239316 0.433048 0.0997151 0.190476 0.352381 0.552381 0.171429 0.0952381 0.334601 0.281369 0.209125 0.220532 0.333333 0.222222 0 0.592593 0.592593 0.37037 0.703704 0.666667 0.666667 0.62963 
0.275294 0.272941 0.148235 0.266667 0.396078 0.25098 0.168627 0.156863 0.254717 0.345912 0.169811 0.198113 0.24 0.04 0.6 0.4 0.52 0.32 0.84 0.68 0.52 0.52 
0.221106 0.289782 0.147404 0.187151 0.293296 0.337989 0.170391 0.136872 0.227679 0.319196 0.303571 0.078125 0.535714 0.0714286 0.107143 0.25 0.142857 0.535714 0.964286 0.678571 0.357143 0.214286 
0.168831 0.318182 0.103896 0.143631 0.233062 0.363144 0.205962 0.100271 0.194805 0.231602 0.218615 0.179654 0.424242 0.151515 0 0.484848 0.424242 0.484848 0.969697 0.757576 0.575758 0.454545 
0.160686 0.265211 0.227769 0.148052 0.231169 0.267532 0.345455 0.114286 0.128898 0.264033 0.243243 0.24948 0.457143 0.171429 0.0285714 0.542857 0.457143 0.457143 0.285714 0.885714 0.628571 0.514286 
0.177778 0.237778 0.0911111 0.17037 0.22963 0.274074 0.0925926 0.0888889 0.192878 0.296736 0.148368 0.0652819 0.37037 0.222222 0 0.407407 0.222222 0.37037 0.851852 0.666667 0.407407 0.259259 
0.160194 0.247573 0.079288 0.145553 0.215633 0.299191 0.102426 0.0781671 0.209503 0.196544 0.228942 0.062635 0.514286 0.342857 0.0571429 0.4 0.257143 0.571429 0.885714 0.657143 0.428571 0.314286 
0.197674 0.281977 0.104651 0.169903 0.286408 0.31068 0.165049 0.0970874 0.236434 0.25969 0.244186 0.0930233 0.416667 0.291667 0.0416667 0.375 0.25 0.416667 0.958333 0.375 0.458333 0.333333 
0.183727 0.309711 0.104987 0.140351 0.285088 0.394737 0.114035 0.105263 0.248252 0.27972 0.216783 0.0874126 0.269231 0.192308 0.0384615 0.423077 0.307692 0.346154 0.961538 0.692308 0.5 0.307692 
0.140511 0.25365 0.0875912 0.121581 0.194529 0.300912 0.158055 0.0638298 0.201946 0.163017 0.22871 0.0583942 0.457143 0.342857 0.342857 0.4 0.285714 0.514286 0.971429 0.657143 0.457143 0.314286 
0.139721 0.249501 0.0958084 0.106312 0.212625 0.275748 0.17608 0.0697674 0.183511 0.146277 0.199468 0.106383 0.371429 0.314286 0.142857 0.514286 0.257143 0.428571 0.971429 0.6 0.571429 0.285714 
0.181287 0.252924 0.0906433 0.139024 0.241463 0.329268 0.112195 0.0902439 0.161793 0.212476 0.202729 0.146199 0.388889 0.111111 0 0.472222 0.416667 0.416667 0.916667 0.694444 0.527778 0.444444 
0.173214 0.357143 0.1375 0.142857 0.27381 0.434524 0.169643 0.122024 0.240476 0.347619 0.147619 0.22619 0.448276 0.137931 0.103448 0.482759 0.448276 0.517241 0.206897 0.758621 0.586207 0.517241 
0.237691 0.290323 0.168081 0.192635 0.308782 0.342776 0.175637 0.172805 0.228507 0.291855 0.285068 0.151584 0.482759 0.137931 0 0.344828 0.172414 0.482759 0.931034 0.758621 0.482759 0.275862 
0.176305 0.287729 0.102962 0.145882 0.258824 0.334118 0.181176 0.105882 0.197368 0.210526 0.236842 0.140977 0.473684 0.210526 0.0263158 0.447368 0.421053 0.5 0.947368 0.684211 0.552632 0.473684 

0.130298 0.043956 0.0832025 0.180628 0.0549738 0.0471204 0.0680628 0.102094 0.119497 0.0859539 0.140461 0 0.877551 0.326531 0.163265 0.163265 0.142857 0.979592 0.367347 0.183673 0.22449 0.285714 
0.165939 0.080786 0.106987 0.236364 0.0763636 0.0909091 0.0981818 0.123636 0.0930233 0.188953 0.18314 0 0.837209 0.139535 0 0.116279 0.0465116 0.976744 0.186047 0.0232558 0.186047 0.186047 
0.168478 0.048913 0.0851449 0.238671 0.0755287 0.0483384 0.0513595 0.114804 0.0845411 0.173913 0.142512 0 0.369565 0.26087 0.326087 0.369565 0.0434783 0.391304 0.304348 0.347826 0.391304 0.130435 
0.147771 0.0458599 0.0751592 0.214437 0.0509554 0.0360934 0.0721868 0.0764331 0.103565 0.122241 0.125637 0 0.790323 0.193548 0.112903 0.241935 0 0.919355 0.209677 0.129032 0.290323 0.0967742 
0.13601 0.0531088 0.0906736 0.200864 0.0539957 0.0539957 0.062635 0.112311 0.0984456 0.126079 0.146805 0 0.442623 0.229508 0.295082 0.0163934 0.0983607 0.737705 0.245902 0.327869 0.377049 0.0983607 
0.0848806 0.0437666 0.096817 0.110619 0.0420354 0.050885 0.0420354 0.139381 0.0707965 0.0672566 0.161062 0 0.465517 0.362069 0.413793 0.448276 0.224138 0.982759 0.413793 0.448276 0.465517 0.224138 
0.109462 0.0445269 0.0834879 0.148607 0.0557276 0.0433437 0.0681115 0.108359 0.0891089 0.0866337 0.141089 0 0.959184 0.306122 0.142857 0.142857 0.122449 0.979592 0.346939 0.163265 0.163265 0.265306 
0.184971 0.0693642 0.101156 0.269231 0.0817308 0.0673077 0.0865385 0.125 0.111538 0.188462 0.169231 0 0.825 0.15 0 0.075 0.05 0.975 0.2 0.025 0.125 0.175 
0.180723 0.0578313 0.0843373 0.253012 0.0923695 0.0562249 0.060241 0.104418 0.106109 0.173633 0.144695 0 0.372093 0.255814 0.325581 0.372093 0.0465116 0.395349 0.302326 0.348837 0.395349 0.139535 
0.133871 0.0419355 0.0790323 0.198925 0.0430108 0.0403226 0.0672043 0.0833333 0.0989247 0.105376 0.129032 0 0.8 0.216667 0.15 0.266667 0 0.916667 0.233333 0.166667 0.316667 0.133333 
0.162162 0.153153 0.117117 0.205 0.1 0.2 0.12 0.115 0.092 0.228 0.276 0 0.76 0.2 0.12 0.2 0 0.76 0.28 0.4 0.28 0.04 
0.17094 0.0911681 0.0826211 0.228571 0.104762 0.0904762 0.0857143 0.0904762 0.0874525 0.209125 0.159696 0 0.592593 0.111111 0.333333 0.185185 0 0.962963 0.148148 0.37037 0.222222 0.037037 
0.215084 0.173184 0.0977654 0.288372 0.181395 0.195349 0.0883721 0.111628 0.100746 0.36194 0.205224 0 0.88 0.2 0 0.16 0 0.88 0.28 0.36 0.2 0.04 
0.141463 0.146341 0.1 0.195122 0.0691057 0.178862 0.101626 0.121951 0.100977 0.185668 0.247557 0.019544 0.833333 0.3 0.2 0.433333 0 0.966667 0.333333 0.466667 0.466667 0.133333 
0.187037 0.0888889 0.0722222 0.219136 0.151235 0.0679012 0.0648148 0.0802469 0.108642 0.207407 0.135802 0 0.416667 0.222222 0.361111 0.25 0.0277778 0.972222 0.277778 0.388889 0.305556 0.0555556 
0.102273 0.0823864 0.0823864 0.137441 0.0616114 0.106635 0.0521327 0.109005 0.104167 0.111742 0.147727 0 0.863636 0.386364 0.204545 0.363636 0.0909091 0.977273 0.409091 0.454545 0.386364 0.181818 
0.105066 0.114447 0.116323 0.131661 0.0658307 0.15047 0.100313 0.144201 0.130326 0.0877193 0.218045 0.0501253 0.902439 0.463415 0.292683 0.0487805 0.097561 0.97561 0.487805 0.536585 0.487805 0.195122 
0.0809524 0.101587 0.103175 0.0952381 0.0634921 0.140212 0.0661376 0.140212 0.0974576 0.108051 0.192797 0.0169492 0.888889 0.466667 0.244444 0.4 0.0666667 0.977778 0.511111 0.511111 0.444444 0.2 
0.0871795 0.0957265 0.112821 0.102564 0.0911681 0.125356 0.0769231 0.139601 0.100457 0.111872 0.150685 0.043379 0.688889 0.422222 0.222222 0 0.0666667 0.977778 0.444444 0.555556 0.466667 0.222222 
0.0719697 0.0858586 0.0883838 0.0884211 0.0526316 0.111579 0.0484211 0.12 0.0791246 0.0909091 0.164983 0 0.944444 0.462963 0.240741 0.388889 0.0555556 0.981481 0.5 0.481481 0.407407 0.185185 
0.137984 0.103876 0.0604651 0.209302 0.0568475 0.144703 0.0516796 0.0697674 0.0766046 0.204969 0.132505 0 0.790698 1 0 0.325581 0.116279 0.976744 1 0.348837 0.348837 0.186047 
0.221875 0.184375 0.084375 0.317708 0.09375 0.265625 0.130208 0.0989583 0.116667 0.2375 0.275 0.0583333 0.6 0.0333333 0.0333333 0.5 0.333333 0.966667 0.0666667 0.0666667 0.533333 0.333333 
0.14899 0.174242 0.0732323 0.205882 0.134454 0.231092 0.0714286 0.0798319 0.131313 0.265993 0.154882 0.016835 0.514286 0.114286 0 0.342857 0.114286 0.971429 0.142857 0.514286 0.371429 0.142857 
0.146341 0.102787 0.106272 0.209302 0.0494186 0.142442 0.0523256 0.151163 0.0790698 0.206977 0.195349 0.0255814 0.853659 0.170732 0.0731707 0.463415 0.0487805 0.97561 0.195122 0.439024 0.487805 0.243902 
0.157197 0.132576 0.0852273 0.208861 0.10443 0.167722 0.0791139 0.0917722 0.0757576 0.275253 0.0858586 0.0732323 0.5 0 0.527778 0.472222 0.0833333 0.972222 0.0555556 0.611111 0.527778 0.111111 
0.25 0.152941 0.202941 0.343137 0.127451 0.181373 0.161765 0.235294 0.141176 0.313725 0.278431 0.109804 0.3 0.1 0.333333 0.433333 0 0.866667 0.166667 0.466667 0.566667 0.166667 
0.42487 0.19171 0.290155 0.603448 0.206897 0.215517 0.293103 0.310345 0.262069 0.441379 0.517241 0 0.2 0 0.05 0 0.2 0.7 0.05 0.2 0.45 0.3 
0.270053 0.0909091 0.240642 0.34375 0.165179 0.0848214 0.165179 0.28125 0.225 0.203571 0.292857 0.1 0.424242 0.30303 0.272727 0.393939 0 0.575758 0.969697 0.30303 0.515152 0.424242 
0.227273 0.203349 0.174641 0.336 0.104 0.26 0.192 0.168 0.277955 0.220447 0.210863 0.153355 0.424242 0.272727 0.333333 0.0909091 0 0.727273 0.30303 0.69697 0.606061 0.0606061 
0.2225 0.155 0.2075 0.3125 0.1 0.2 0.133333 0.2625 0.186667 0.26 0.173333 0.196667 0.633333 0.266667 0.5 0.6 0 0.933333 0.333333 0.633333 0.666667 0.166667 
0.190876 0.196879 0.187275 0.256513 0.0921844 0.248497 0.154309 0.252505 0.161859 0.150641 0.25 0.217949 0.673469 0.326531 0.204082 0.632653 0.102041 0.959184 0.387755 0.265306 0.714286 0.265306 
0.148276 0.166667 0.166667 0.187739 0.0957854 0.203065 0.155172 0.203065 0.113497 0.157975 0.228528 0.161043 0.511111 0.266667 0.155556 0.577778 0.0888889 0.533333 0.311111 0.222222 0.666667 0.222222 
0.184982 0.155678 0.117216 0.258015 0.0778626 0.207634 0.100763 0.131298 0.156288 0.249084 0.123321 0.0976801 0.519231 0.230769 0.269231 0.480769 0.0576923 0.980769 0.269231 0.653846 0.557692 0.0576923 
0.0931677 0.150104 0.172878 0.137931 0.0431034 0.1 0.201724 0.203448 0.110345 0.08 0.244138 0.12 0.76 1 0.22 0.56 0.1 0.98 1 0.3 0.64 0.32 
0.192402 0.181373 0.151961 0.269388 0.0897959 0.246939 0.112245 0.181633 0.142157 0.20915 0.25817 0.129085 0.44898 0.163265 0.102041 0.510204 0.0816327 0.979592 0.22449 0.408163 0.591837 0.204082 
0.223423 0.221622 0.135135 0.297297 0.12012 0.3003 0.129129 0.147147 0.15625 0.346154 0.199519 0.134615 0.243243 0.0540541 0.108108 0.459459 0.108108 0.243243 0.162162 0.648649 0.540541 0.216216 
0.135577 0.130769 0.168269 0.182692 0.0753205 0.165064 0.0945513 0.216346 0.121795 0.120513 0.219231 0.141026 0.961538 0.346154 0.25 0.538462 0.173077 0.980769 0.384615 0.596154 0.615385 0.269231 
0.187394 0.195911 0.202726 0.264205 0.0653409 0.235795 0.198864 0.275568 0.186364 0.0954545 0.243182 0.277273 0.902439 0.317073 0.292683 0.682927 0.121951 0.926829 0.414634 0.341463 0.756098 0.317073 
0.166013 0.155556 0.164706 0.250545 0.0522876 0.198257 0.126362 0.204793 0.191972 0.101222 0.195462 0.202443 0.888889 0.4 0.355556 0.533333 0 0.933333 0.444444 0.688889 0.644444 0.111111 
0.133019 0.153774 0.123585 0.177673 0.072327 0.215409 0.086478 0.154088 0.168553 0.157233 0.166038 0.0867925 0.830189 0.301887 0.169811 0.509434 0.150943 0.981132 0.358491 0.679245 0.566038 0.226415 
0.186111 0.145833 0.2 0.256944 0.0902778 0.1875 0.127315 0.273148 0.168519 0.148148 0.277778 0.140741 0.914894 0.276596 0.191489 0.531915 0.0851064 0.978723 0.340426 0.595745 0.617021 0.234043 
0.215461 0.189145 0.192434 0.269231 0.186813 0.225275 0.134615 0.244505 0.252193 0.234649 0.182018 0.14693 0.894737 0.210526 0.736842 0.526316 0.131579 0.973684 0.342105 0.763158 0.631579 0.236842 
0.165584 0.165584 0.168831 0.221622 0.110811 0.167568 0.189189 0.235135 0.162338 0.121212 0.253247 0.155844 0.891892 0.27027 0.162162 0.621622 0.108108 0.972973 0.324324 0.216216 0.675676 0.27027 
0.165692 0.14425 0.169591 0.227273 0.146104 0.136364 0.149351 0.185065 0.174026 0.205195 0.207792 0.0779221 0.485714 1 0.514286 0 0.142857 0.971429 1 0.571429 0.485714 0.2 
0.122388 0.0945274 0.0985075 0.165837 0.0563847 0.13267 0.0464345 0.13267 0.0862069 0.156499 0.187003 0 0.965517 0.344828 0.103448 0.37931 0.137931 0.965517 0.37931 0.431034 0.413793 0.172414 
0.141243 0.094431 0.102502 0.200538 0.0713324 0.122476 0.0780619 0.117093 0.0893434 0.179763 0.190527 0 0.904762 0.238095 0.111111 0.0952381 0.111111 0.984127 0.301587 0.412698 0.380952 0.174603 
0.145675 0.127466 0.157815 0.192405 0.118987 0.134177 0.116456 0.179747 0.097166 0.226721 0.248988 0.00809717 0.395349 0.325581 0.186047 0.0232558 0.139535 0.418605 0.372093 0.488372 0.44186 0.139535 
0.181395 0.127132 0.128682 0.22739 0.108527 0.173127 0.0775194 0.167959 0.169772 0.186335 0.186335 0.0890269 0.953488 0.418605 0.209302 0.488372 0.209302 0.976744 0.511628 0.511628 0.534884 0.255814 
0.181973 0.171769 0.129252 0.227273 0.147727 0.196023 0.0909091 0.164773 0.179138 0.22449 0.195011 0.0521542 0.928571 0.309524 0.142857 0.380952 0.0952381 0.928571 0.380952 0.595238 0.47619 0.119048 
0.133253 0.0936375 0.104442 0.176353 0.0681363 0.126253 0.0541082 0.142285 0.113782 0.145833 0.190705 0 0.530612 0.367347 0.163265 0.367347 0.102041 0.530612 0.408163 0.408163 0.428571 0.183673 
0.152846 0.134959 0.123577 0.222222 0.0650407 0.178862 0.0785908 0.162602 0.177874 0.16269 0.143167 0.0932755 0.688889 0.355556 0.2 0.555556 0.177778 0.977778 0.377778 0.6 0.6 0.2 

0.168168 0.102102 0.243243 0.201005 0.115578 0.0653266 0.256281 0.236181 0.124498 0.148594 0.313253 0.0963855 0.592593 0.222222 0.037037 0 0.111111 0.814815 0.333333 0.0740741 0.62963 0.37037 
0.113082 0.144124 0.195122 0.125926 0.103704 0.155556 0.196296 0.222222 0.121302 0.091716 0.263314 0.133136 0.909091 0.424242 0.181818 0.0606061 0.181818 0.969697 0.515152 0.212121 0.666667 0.272727 
0.0964286 0.296429 0.239286 0.0952381 0.178571 0.357143 0.238095 0.261905 0.180952 0.142857 0.3 0.214286 0.708333 0.416667 0.125 0 0.166667 0.75 0.458333 0.875 0.875 0.458333 
0.158103 0.300395 0.268775 0.178808 0.178808 0.364238 0.311258 0.291391 0.222222 0.227513 0.37037 0.195767 0.869565 0.391304 0.130435 0 0.130435 0.956522 0.434783 0.695652 0.695652 0.26087 
0.174825 0.223776 0.199301 0.187135 0.192982 0.22807 0.233918 0.22807 0.224299 0.172897 0.299065 0.121495 0.769231 0.384615 0.115385 0 0.115385 0.961538 0.461538 0.692308 0.615385 0.269231 
0.138614 0.267327 0.181518 0.164835 0.159341 0.340659 0.214286 0.192308 0.246696 0.136564 0.334802 0.105727 0.884615 0.461538 0.230769 0.0384615 0.115385 0.961538 0.538462 0.730769 0.538462 0.115385 
0.172 0.128 0.228 0.226667 0.106667 0.0733333 0.266667 0.226667 0.139037 0.144385 0.304813 0.101604 0.6 0.24 0.04 0 0.12 0.8 0.32 0.08 0.64 0.36 
0.121212 0.160606 0.190909 0.131313 0.111111 0.161616 0.227273 0.207071 0.121457 0.097166 0.275304 0.133603 0.9 0.433333 0.166667 0.0333333 0.166667 0.966667 0.5 0.2 0.666667 0.266667 
0.113208 0.292453 0.25 0.110236 0.15748 0.362205 0.251969 0.283465 0.194969 0.157233 0.320755 0.201258 0.727273 0.409091 0.136364 0 0.181818 0.772727 0.454545 0.909091 0.909091 0.454545 
0.146465 0.282828 0.242424 0.177966 0.118644 0.372881 0.262712 0.271186 0.216216 0.189189 0.358108 0.182432 0.863636 0.454545 0.181818 0 0.136364 0.954545 0.5 0.681818 0.681818 0.181818 
0.237288 0.310734 0.310734 0.273585 0.216981 0.283019 0.396226 0.339623 0.233083 0.233083 0.488722 0.225564 0.857143 0.357143 0.0714286 0 0.142857 0.857143 0.5 0.142857 0.714286 0.285714 
0.156997 0.187713 0.16041 0.1875 0.119318 0.204545 0.210227 0.147727 0.118182 0.181818 0.295455 0.104545 0.75 0.25 0.05 0 0.25 0.85 0.3 0.45 0.6 0.25 
0.12987 0.155844 0.168831 0.157609 0.0978261 0.146739 0.211957 0.163043 0.112554 0.134199 0.324675 0.0779221 0.714286 0.333333 0.190476 0.047619 0.0952381 0.809524 0.380952 0.238095 0.47619 0.190476 
0.182292 0.260417 0.239583 0.217391 0.165217 0.330435 0.26087 0.243478 0.208333 0.263889 0.375 0.118056 0.705882 0.294118 0.117647 0.0588235 0.176471 0.941176 0.352941 0.588235 0.529412 0.176471 
0.135135 0.194595 0.210811 0.153153 0.108108 0.261261 0.18018 0.243243 0.181159 0.166667 0.304348 0.123188 0.8 0.466667 0.2 0.0666667 0.0666667 0.933333 0.466667 0.6 0.6 0.133333 
0.113772 0.155689 0.197605 0.13 0.1 0.17 0.21 0.193333 0.146277 0.087766 0.345745 0.0664894 0.90625 0.53125 0.21875 0.03125 0.03125 0.96875 0.59375 0.59375 0.5 0.09375 
0.130024 0.182033 0.170213 0.161417 0.0905512 0.212598 0.177165 0.192913 0.18612 0.0820189 0.321767 0.0914826 0.935484 0.483871 0.225806 0.0645161 0 0.935484 0.516129 0.612903 0.516129 0.16129 
0.151515 0.177156 0.16317 0.18677 0.101167 0.198444 0.214008 0.159533 0.158879 0.133956 0.370717 0.0311526 0.727273 0.424242 0.181818 0.030303 0.030303 0.909091 0.484848 0.515152 0.393939 0.030303 
0.167411 0.169643 0.200893 0.205224 0.115672 0.186567 0.208955 0.220149 0.190476 0.110119 0.372024 0.0595238 0.875 0.46875 0.21875 0.0625 0.03125 0.9375 0.90625 0.5 0.46875 0.125 
0.122093 0.125969 0.162791 0.152104 0.0906149 0.139159 0.184466 0.152104 0.157623 0.0645995 0.30491 0.0361757 0.916667 0.555556 0.305556 0.0555556 0 0.944444 0.611111 0.5 0.472222 0 
0.135802 0.168724 0.353909 0.143836 0.136986 0.123288 0.40411 0.287671 0.208791 0.0769231 0.362637 0.230769 0.882353 0.588235 0.294118 0 0.176471 0.941176 0.647059 0.352941 0.882353 0.411765 
0.103125 0.184375 0.234375 0.114583 0.0885417 0.239583 0.182292 0.276042 0.0833333 0.116667 0.266667 0.2375 0.846154 0.346154 0.115385 0 0.269231 0.846154 0.384615 0.153846 0.961538 0.5 
0.130252 0.138655 0.294118 0.147887 0.119718 0.133803 0.302817 0.246479 0.146067 0.117978 0.41573 0.0898876 0.809524 0.47619 0.142857 0 0.142857 0.952381 0.52381 0.190476 0.52381 0.333333 
0.136719 0.300781 0.265625 0.150327 0.124183 0.398693 0.248366 0.326797 0.119792 0.229167 0.364583 0.296875 0.625 0.208333 0 0 0.333333 0.708333 0.291667 0.75 0.958333 0.583333 
0.120915 0.267974 0.238562 0.142077 0.0983607 0.36612 0.256831 0.256831 0.135371 0.131004 0.327511 0.292576 0.666667 0.333333 0.111111 0 0.37037 0.851852 0.37037 0.740741 0.962963 0.666667 
0.211039 0.243506 0.211039 0.255435 0.157609 0.244565 0.309783 0.222826 0.155844 0.21645 0.467532 0.0779221 0.714286 0.285714 0.107143 0.0714286 0.285714 0.928571 0.392857 0.214286 0.535714 0.285714 
0.149864 0.228883 0.256131 0.159091 0.154545 0.2 0.336364 0.281818 0.156364 0.138182 0.443636 0.123636 0.896552 0.448276 0.137931 0 0.241379 0.965517 0.551724 0.206897 0.586207 0.241379 
0.164921 0.198953 0.267016 0.183406 0.144105 0.196507 0.310044 0.279476 0.188811 0.129371 0.465035 0.0804196 0.806452 0.483871 0.193548 0.0322581 0.129032 0.967742 0.580645 0.290323 0.548387 0.322581 
0.247232 0.273063 0.457565 0.302469 0.17284 0.234568 0.506173 0.45679 0.216749 0.236453 0.55665 0.29064 0.727273 0.318182 0.0909091 0 0.181818 0.863636 0.454545 0.181818 0.772727 0.545455 
0.178694 0.295533 0.319588 0.222857 0.148571 0.297143 0.394286 0.337143 0.215596 0.12844 0.559633 0.174312 0.8 0.44 0.2 0 0.16 0.92 0.56 0.28 0.64 0.2 
0.148252 0.195804 0.191608 0.16317 0.132867 0.172494 0.268065 0.195804 0.177239 0.102612 0.375 0.0671642 0.864865 0.486486 0.216216 0.0540541 0.0810811 0.918919 0.594595 0.27027 0.540541 0.135135 
0.248858 0.299087 0.292237 0.262357 0.239544 0.304183 0.365019 0.296578 0.31003 0.161094 0.49848 0.164134 0.857143 0.5 0.214286 0.0357143 0.142857 0.892857 0.714286 0.321429 0.607143 0.214286 
0.159649 0.2 0.22807 0.169591 0.160819 0.169591 0.274854 0.239766 0.166276 0.145199 0.440281 0.030445 0.921053 0.447368 0.184211 0.0263158 0.131579 0.947368 0.578947 0.289474 0.526316 0.236842 
0.145309 0.223112 0.215103 0.196565 0.0725191 0.282443 0.227099 0.209924 0.246951 0.109756 0.301829 0.135671 0.804878 0.317073 0.097561 0 0.170732 0.878049 0.365854 0.926829 0.829268 0.365854 
0.196429 0.136364 0.180195 0.240541 0.124324 0.156757 0.186486 0.186486 0.21645 0.0974026 0.357143 0.030303 0.810811 0.378378 0.135135 0.135135 0.135135 0.918919 0.864865 0.189189 0.486486 0.189189 
0.195876 0.185567 0.185567 0.2149 0.17192 0.209169 0.186246 0.2149 0.235698 0.125858 0.306636 0.0983982 0.789474 0.368421 0.157895 0 0.0526316 0.921053 0.894737 0.552632 0.605263 0.210526 

0.148559 0.226164 0.0687361 0.211111 0.062963 0.296296 0.162963 0.0777778 0.162722 0.0946746 0.257396 0.091716 0.727273 0.575758 0.424242 0.30303 0.0909091 0.757576 0.606061 0.454545 0.30303 0.121212 
0.183246 0.186736 0.0837696 0.261628 0.0697674 0.235465 0.168605 0.0755814 0.24186 0.116279 0.255814 0.0302326 0.45 0.6 0.45 0.175 0.15 0.775 0.675 0.725 0.325 0.175 
0.136531 0.184502 0.095941 0.187692 0.0676923 0.172308 0.227692 0.0923077 0.216216 0.017199 0.19656 0.135135 0.513514 0.810811 0.675676 0.162162 0.135135 0.72973 0.837838 0.675676 0.486486 0.297297 
0.144737 0.197368 0.0733083 0.197492 0.0689655 0.125392 0.257053 0.0783699 0.197995 0.047619 0.200501 0.110276 0.333333 0.714286 0.547619 0.428571 0.214286 0.857143 0.761905 0.595238 0.452381 0.285714 
0.225256 0.153584 0.0682594 0.335227 0.0625 0.207386 0.102273 0.0539773 0.175 0.177273 0.195455 0.0545455 0.909091 0.590909 0.409091 0.204545 0.0681818 0.977273 0.636364 0.431818 0.227273 0.0909091 
0.135514 0.158879 0.102804 0.18961 0.0571429 0.0571429 0.272727 0.0623377 0.122661 0.0977131 0.2079 0.0769231 0.340426 0.510638 0.382979 0.191489 0.0851064 0.680851 0.553191 0.404255 0.234043 0.0851064 
0.160271 0.205418 0.0812641 0.233083 0.0639098 0.278195 0.135338 0.075188 0.231928 0.111446 0.259036 0.0361446 0.447368 0.605263 0.447368 0.184211 0.157895 0.763158 0.657895 0.710526 0.315789 0.184211 
0.125523 0.1841 0.0857741 0.174216 0.0662021 0.243902 0.10453 0.0905923 0.226257 0.0139665 0.226257 0.0977654 0.514286 0.771429 0.6 0.171429 0.142857 0.714286 0.8 0.914286 0.4 0.142857 
0.146402 0.200993 0.0794045 0.19917 0.0705394 0.219917 0.273859 0.0829876 0.195364 0.0397351 0.221854 0.115894 0.333333 0.717949 0.564103 0.410256 0.230769 0.871795 0.769231 0.589744 0.435897 0.282051 
0.339474 0.297368 0.0736842 0.486842 0.140351 0.416667 0.122807 0.0614035 0.505263 0.203509 0.14386 0.175439 0 0.842105 0.394737 0.473684 0.394737 0.263158 0.921053 0.894737 0.526316 0.394737 
0.17801 0.183246 0.0628272 0.253275 0.0829694 0.183406 0.179039 0.0611354 0.181185 0.111498 0.156794 0.135889 0.857143 0.678571 0.571429 0.464286 0.25 0.857143 0.714286 0.607143 0.5 0.25 
0.176638 0.179487 0.0997151 0.247619 0.0761905 0.180952 0.219048 0.052381 0.193916 0.121673 0.178707 0.117871 0.645161 0.580645 0.451613 0.354839 0.290323 0.677419 0.612903 0.967742 0.387097 0.322581 
0.147971 0.224344 0.071599 0.183267 0.115538 0.25498 0.191235 0.0438247 0.0987261 0.187898 0.191083 0.11465 0.558824 0.5 0.117647 0.264706 0.235294 0.588235 0.529412 0.941176 0.294118 0.235294 
0.11991 0.214932 0.0972851 0.162264 0.0566038 0.226415 0.226415 0.0641509 0.0936556 0.148036 0.217523 0.120846 0.410256 0.512821 0.0769231 0.282051 0.205128 0.589744 0.538462 0.974359 0.307692 0.25641 
0.215385 0.218462 0.0523077 0.174359 0.220513 0.225641 0.235897 0.0410256 0.230453 0.102881 0.127572 0.201646 0.84 0.08 0.68 0.48 0.32 0.88 0.84 0.72 0.52 0.32 
0.243028 0.181275 0.157371 0.239203 0.219269 0.199336 0.225914 0.122924 0.204244 0.177719 0.278515 0.114058 0.448276 0.206897 0.482759 0.0344828 0.137931 0.448276 0.793103 0.517241 0.310345 0.137931 
0.255319 0.196217 0.12766 0.229249 0.280632 0.158103 0.213439 0.110672 0.236593 0.195584 0.280757 0.0473186 0.925926 0.222222 0.481481 0.037037 0.0740741 0.925926 0.740741 0.481481 0.259259 0.0740741 
0.282732 0.189753 0.108159 0.28481 0.243671 0.193038 0.177215 0.101266 0.265823 0.212658 0.253165 0.0556962 0.419355 0.0645161 0.451613 0.0322581 0.0645161 0.967742 0.774194 0.741935 0.258065 0.0645161 
0.201128 0.18797 0.142857 0.188088 0.203762 0.200627 0.194357 0.115987 0.223058 0.135338 0.275689 0.0877193 0.911765 0.117647 0.441176 0 0.117647 0.941176 0.735294 0.970588 0.294118 0.147059 
0.182073 0.182073 0.102241 0.172897 0.172897 0.186916 0.170561 0.10514 0.160748 0.175701 0.254206 0.0485981 0.285714 0.0952381 0.404762 0 0.0238095 0.333333 0.619048 0.761905 0.261905 0.119048 
0.221264 0.192529 0.0517241 0.322115 0.0769231 0.197115 0.245192 0.0528846 0.245211 0.111111 0.145594 0.16092 0.62069 0.689655 0.586207 0.482759 0.413793 0.827586 0.724138 0.62069 0.517241 0.448276 
0.215812 0.0940171 0.149573 0.323843 0.0604982 0.0711744 0.217082 0.0533808 0.233618 0.0997151 0.0911681 0.159544 0.578947 0.815789 0.684211 0.552632 0.394737 0.894737 0.842105 0.710526 0.578947 0.421053 
0.204607 0.104336 0.0420054 0.319005 0.0497738 0.0520362 0.138009 0.0475113 0.197107 0.110307 0.0470163 0.119349 0.796296 0.814815 0.685185 0.574074 0.444444 0.981481 0.833333 0.703704 0.592593 0.462963 
0.144689 0.179487 0.100733 0.107034 0.207951 0.223242 0.155963 0.0428135 0.122249 0.227384 0.107579 0.119804 0.0952381 0.0238095 0 0.5 0.428571 0.0952381 0.738095 0.595238 0.52381 0.452381 
0.202797 0.120629 0.132867 0.116618 0.25656 0.0728863 0.215743 0.0437318 0.144522 0.174825 0.137529 0.100233 0.0681818 0 0.522727 0.363636 0.295455 0.113636 0.795455 0.568182 0.454545 0.295455 
0.170478 0.322245 0.0623701 0.232639 0.09375 0.423611 0.166667 0.0486111 0.157895 0.33241 0.263158 0.0249307 0.184211 0.342105 0.263158 0.184211 0.210526 0.421053 0.394737 0.710526 0.236842 0.210526 
0.194444 0.253704 0.0574074 0.277778 0.0740741 0.348765 0.123457 0.0524691 0.150617 0.348148 0.241975 0.0518519 0.0444444 0.466667 0.0444444 0.288889 0.266667 0.377778 0.511111 0.977778 0.333333 0.266667 
0.4375 0.26875 0.1125 0.53125 0.34375 0.28125 0.255208 0.0729167 0.416667 0.2875 0.108333 0.279167 0.756757 0.027027 0.621622 0.351351 0.567568 0.891892 0.945946 0.864865 0.648649 0.594595 
0.364444 0.426667 0.28 0.540741 0.133333 0.281481 0.696296 0.133333 0.39645 0.218935 0.408284 0.325444 0.307692 0.846154 0.692308 0.0384615 0.346154 0.730769 0.923077 0.807692 0.576923 0.384615 
0.284367 0.254717 0.126685 0.352809 0.195506 0.258427 0.25618 0.0966292 0.27518 0.210432 0.25 0.190647 0.261905 0 0.547619 0.452381 0.380952 0.380952 0.761905 0.952381 0.52381 0.404762 
0.26484 0.254186 0.106545 0.347716 0.164975 0.345178 0.134518 0.101523 0.387424 0.198783 0.198783 0.10142 0.911765 0.0294118 0.176471 0.441176 0.294118 0.941176 0.794118 0.647059 0.529412 0.323529 
0.323017 0.263056 0.119923 0.364516 0.23871 0.280645 0.254839 0.0967742 0.281654 0.222222 0.24031 0.22739 0.181818 0.0606061 0.606061 0.454545 0.272727 0.818182 0.727273 0.969697 0.515152 0.272727 
0.446809 0.337766 0.196809 0.586667 0.271111 0.377778 0.337778 0.164444 0.421986 0.294326 0.322695 0.319149 0.875 0.0416667 0.583333 0.458333 0.333333 0.916667 0.833333 0.708333 0.583333 0.375 
0.202279 0.226496 0.0754986 0.266033 0.185273 0.239905 0.104513 0.0593824 0.258065 0.235294 0.184061 0.00948767 0.205882 0.529412 0.205882 0.323529 0.352941 0.264706 0.588235 0.470588 0.411765 0.882353 
0.281863 0.235294 0.169118 0.29918 0.27459 0.217213 0.266393 0.151639 0.375817 0.117647 0.264706 0.199346 0.875 0 0.541667 0.416667 0.375 0.916667 0.791667 0.708333 0.541667 0.375 
0.21627 0.265873 0.077381 0.254967 0.152318 0.357616 0.129139 0.0695364 0.267196 0.198413 0.283069 0.0687831 0.722222 0.0833333 0.138889 0.277778 0.166667 0.777778 0.638889 0.972222 0.305556 0.194444 

0.141925 0.120718 0.141925 0.133152 0.171196 0.119565 0.133152 0.149457 0.182609 0.0847826 0.202174 0.0717391 0.847826 0.391304 0.413043 0.0217391 0.173913 0.934783 0.826087 0.456522 0.586957 0.23913 
0.209402 0.147436 0.138889 0.202847 0.217082 0.160142 0.124555 0.153025 0.225071 0.17094 0.222222 0.0769231 0.763158 0.421053 0.184211 0 0.210526 0.894737 0.736842 0.5 0.552632 0.289474 
0.148707 0.176724 0.12931 0.143885 0.190647 0.194245 0.122302 0.154676 0.227011 0.137931 0.16092 0.112069 0.911765 0.470588 0.0882353 0.0882353 0.264706 0.911765 0.852941 0.558824 0.588235 0.411765 
0.179837 0.144414 0.188011 0.163636 0.218182 0.122727 0.186364 0.209091 0.287273 0.101818 0.214545 0.12 0.862069 0.448276 0.482759 0.206897 0.0344828 0.862069 0.862069 0.517241 0.586207 0.0689655 
0.251852 0.203704 0.218519 0.271605 0.283951 0.179012 0.246914 0.209877 0.305419 0.187192 0.270936 0.137931 0.821429 0.392857 0.357143 0.0357143 0.535714 0.964286 0.821429 0.428571 0.535714 0.535714 
0.243767 0.160665 0.182825 0.322581 0.184332 0.170507 0.175115 0.193548 0.295203 0.143911 0.324723 0.0184502 0.870968 0.290323 0.193548 0.0645161 0.0967742 0.935484 0.870968 0.580645 0.322581 0.16129 
0.143763 0.12685 0.131078 0.123675 0.176678 0.120141 0.141343 0.155477 0.186441 0.0762712 0.20339 0.0706215 0.837209 0.395349 0.418605 0.0465116 0.186047 0.930233 0.813953 0.465116 0.55814 0.232558 
0.202857 0.148571 0.125714 0.219048 0.204762 0.166667 0.133333 0.138095 0.232824 0.167939 0.206107 0.0801527 0.771429 0.428571 0.142857 0 0.2 0.885714 0.742857 0.514286 0.542857 0.285714 
0.159091 0.176136 0.130682 0.132701 0.21327 0.189573 0.146919 0.151659 0.223485 0.140152 0.170455 0.121212 0.90625 0.46875 0.09375 0.09375 0.28125 0.90625 0.84375 0.5625 0.59375 0.40625 
0.193548 0.150538 0.200717 0.191617 0.215569 0.149701 0.167665 0.245509 0.301435 0.110048 0.23445 0.133971 0.851852 0.444444 0.444444 0.222222 0.037037 0.851852 0.888889 0.555556 0.592593 0.0740741 
0.337838 0.25 0.317568 0.397727 0.272727 0.295455 0.295455 0.352273 0.288288 0.369369 0.495495 0.207207 0.25 0.333333 0.333333 0.0833333 0.0833333 0.916667 0.75 0.5 0.583333 0.25 
0.371212 0.257576 0.318182 0.43038 0.278481 0.240506 0.291139 0.392405 0.444444 0.282828 0.363636 0.292929 0.454545 0.272727 0.454545 0.0909091 0 0.909091 0.818182 0.545455 0.727273 0.272727 
0.290698 0.209302 0.19186 0.359223 0.223301 0.242718 0.184466 0.203883 0.286822 0.271318 0.310078 0.124031 0.571429 0.357143 0.357143 0.0714286 0.0714286 0.714286 0.785714 0.5 0.571429 0.214286 
0.32 0.211429 0.217143 0.380952 0.266667 0.171429 0.219048 0.228571 0.389313 0.229008 0.282443 0.160305 0.666667 0.2 0.466667 0.133333 0.133333 0.8 0.8 0.533333 0.533333 0.133333 
0.312139 0.179191 0.265896 0.375 0.240385 0.192308 0.240385 0.269231 0.346154 0.246154 0.246154 0.246154 0.692308 0.230769 0.461538 0.0769231 0.461538 0.769231 0.846154 0.615385 0.846154 0.461538 
0.202564 0.235897 0.202564 0.226496 0.188034 0.260684 0.200855 0.222222 0.287671 0.150685 0.294521 0.167808 0.807692 0.307692 0.346154 0.153846 0.115385 0.846154 0.807692 0.692308 0.615385 0.423077 
0.162338 0.24026 0.211039 0.157609 0.195652 0.255435 0.228261 0.228261 0.272727 0.125541 0.277056 0.207792 0.809524 0.428571 0.238095 0 0.333333 0.857143 0.761905 0.666667 0.619048 0.571429 
0.162162 0.186937 0.18018 0.180451 0.165414 0.195489 0.169173 0.206767 0.279279 0.0810811 0.213213 0.153153 0.793103 0.413793 0.448276 0.0344828 0.310345 0.931034 0.862069 0.62069 0.689655 0.482759 
0.170455 0.211364 0.195455 0.181818 0.174242 0.204545 0.257576 0.19697 0.251515 0.1 0.278788 0.154545 0.833333 0.433333 0.466667 0.0333333 0.1 0.9 0.833333 0.533333 0.6 0.333333 
0.164589 0.219451 0.177057 0.1625 0.183333 0.208333 0.254167 0.183333 0.255814 0.106312 0.295681 0.152824 0.714286 0.464286 0.392857 0 0.357143 0.892857 0.857143 0.535714 0.642857 0.392857 
0.319549 0.244361 0.236842 0.36478 0.295597 0.251572 0.226415 0.27044 0.301508 0.306533 0.241206 0.261307 0.705882 0.117647 0.352941 0.235294 0.411765 0.882353 0.823529 0.529412 0.705882 0.588235 
0.316742 0.312217 0.262443 0.265152 0.371212 0.340909 0.295455 0.287879 0.315152 0.345455 0.29697 0.30303 0.882353 0 0.117647 0 0.588235 0.941176 0.705882 0.529412 0.823529 0.764706 
0.236025 0.180124 0.18323 0.233161 0.233161 0.202073 0.160622 0.212435 0.294606 0.161826 0.174274 0.170124 0.782609 0.391304 0.0434783 0 0.391304 0.956522 0.565217 0.652174 0.695652 0.565217 
0.301075 0.301075 0.263441 0.330357 0.357143 0.294643 0.285714 0.285714 0.278571 0.342857 0.35 0.214286 0.75 0.375 0.25 0.125 0.4375 0.8125 0.5625 0.375 0.6875 0.5 
0.356643 0.213287 0.199301 0.380117 0.304094 0.22807 0.19883 0.22807 0.313084 0.327103 0.299065 0.154206 0.590909 0.0909091 0.227273 0.0454545 0.227273 0.909091 0.772727 0.5 0.590909 0.363636 
0.395062 0.349794 0.432099 0.417808 0.417808 0.315068 0.445205 0.445205 0.494505 0.318681 0.582418 0.296703 0.588235 0.352941 0.294118 0 0.235294 0.941176 0.823529 0.529412 0.588235 0.529412 
0.379699 0.270677 0.255639 0.427673 0.320755 0.283019 0.283019 0.27044 0.422111 0.316583 0.462312 0.080402 0.578947 0.263158 0.315789 0.0526316 0.157895 0.842105 0.789474 0.473684 0.526316 0.315789 
0.298561 0.294964 0.273381 0.311377 0.323353 0.293413 0.287425 0.281437 0.358852 0.296651 0.464115 0.114833 0.631579 0.210526 0.263158 0.0526316 0.157895 0.684211 0.842105 0.526316 0.526316 0.421053 
0.314685 0.307692 0.370629 0.333333 0.292398 0.339181 0.380117 0.374269 0.364486 0.261682 0.635514 0.130841 0.454545 0.318182 0.363636 0.0454545 0.181818 0.727273 0.954545 0.681818 0.5 0.454545 
0.297203 0.321678 0.412587 0.302326 0.319767 0.319767 0.44186 0.389535 0.344186 0.265116 0.511628 0.293023 0.6 0.2 0.3 0.05 0.25 0.85 0.95 0.7 0.65 0.55 
0.345815 0.27533 0.262115 0.378676 0.316176 0.305147 0.216912 0.319853 0.44868 0.246334 0.366569 0.143695 0.709677 0.387097 0.225806 0.0322581 0.129032 0.83871 0.774194 0.709677 0.741935 0.419355 
0.24183 0.213508 0.252723 0.225455 0.261818 0.210909 0.236364 0.265455 0.360465 0.130814 0.462209 0.0116279 0.814815 0.37037 0.259259 0.111111 0.111111 0.888889 0.814815 0.518519 0.444444 0.222222 
0.321429 0.330357 0.309524 0.298507 0.368159 0.293532 0.378109 0.318408 0.444444 0.198413 0.365079 0.269841 0.619048 0.238095 0.666667 0.0952381 0.0952381 0.666667 0.952381 0.809524 0.761905 0.285714 

0.129707 0.175732 0.112971 0.160279 0.121951 0.222997 0.114983 0.12892 0.231844 0.0530726 0.100559 0.195531 0.780488 0.487805 0.414634 0.682927 0.0731707 0.926829 0.95122 0.853659 0.756098 0.365854 
0.173285 0.209386 0.151625 0.186747 0.186747 0.283133 0.0843373 0.210843 0.288462 0.120192 0.120192 0.225962 0.653846 0.423077 0.423077 0.769231 0.192308 0.769231 0.961538 0.923077 0.807692 0.423077 
0.099631 0.149446 0.130996 0.110769 0.104615 0.175385 0.113846 0.163077 0.22113 0 0.0982801 0.176904 0.886364 0.659091 0.545455 0.659091 0.0227273 0.954545 0.954545 0.795455 0.727273 0.318182 
0.116998 0.136865 0.152318 0.132353 0.0992647 0.161765 0.136029 0.194853 0.235294 0 0.0882353 0.217647 0.8 0.6 0.525 0 0.4 0.9 0.975 0.9 0.85 0.55 
0.147059 0.176471 0.15 0.156863 0.166667 0.230392 0.107843 0.210784 0.262745 0.0666667 0.137255 0.192157 0.735294 0.5 0.411765 0.764706 0.264706 0.823529 0.558824 0.882353 0.794118 0.411765 
0.132353 0.151261 0.140756 0.150877 0.122807 0.207018 0.077193 0.192982 0.266106 0.0364146 0.103641 0.201681 0.785714 0.52381 0.47619 0.738095 0.190476 0.952381 0.880952 0.833333 0.761905 0.52381 
0.138965 0.179837 0.117166 0.163636 0.136364 0.240909 0.127273 0.140909 0.236364 0.0654545 0.116364 0.178182 0.763158 0.473684 0.394737 0.684211 0.0526316 0.921053 0.947368 0.842105 0.736842 0.342105 
0.173077 0.211538 0.144231 0.193548 0.209677 0.266129 0.0967742 0.201613 0.301282 0.134615 0.115385 0.205128 0.625 0.416667 0.416667 0.75 0.166667 0.75 0.958333 0.916667 0.791667 0.416667 
0.104878 0.143902 0.117073 0.117886 0.113821 0.170732 0.113821 0.150407 0.224756 0 0.0846906 0.18241 0.902439 0.658537 0.560976 0.658537 0.0243902 0.95122 0.95122 0.804878 0.731707 0.317073 
0.155556 0.185185 0.155556 0.191358 0.12963 0.197531 0.179012 0.185185 0.256158 0.0788177 0.133005 0.216749 0.724138 0.482759 0.37931 0.724138 0.241379 0.862069 0.931034 0.862069 0.758621 0.413793 
0.225296 0.237154 0.146245 0.210526 0.276316 0.276316 0.118421 0.171053 0.373684 0.136842 0.194737 0.136842 0.578947 0.315789 0.263158 0.526316 0.105263 0.736842 0.894737 0.789474 0.578947 0.263158 
0.211538 0.157692 0.169231 0.179487 0.262821 0.173077 0.102564 0.211538 0.312821 0.138462 0.189744 0.102564 0.608696 0.391304 0.608696 0.478261 0.0869565 0.782609 0.869565 0.652174 0.521739 0.304348 
0.213058 0.189003 0.164948 0.235632 0.224138 0.212644 0.109195 0.218391 0.366972 0.12844 0.133028 0.183486 0.782609 0.391304 0.434783 0.608696 0.347826 0.782609 0.869565 0.73913 0.652174 0.347826 
0.264957 0.179487 0.149573 0.221429 0.335714 0.142857 0.128571 0.178571 0.365714 0.137143 0.2 0.12 0.611111 0.333333 0.611111 0.444444 0.166667 0.611111 0.833333 0.666667 0.5 0.166667 
0.198718 0.169872 0.13141 0.187166 0.213904 0.208556 0.101604 0.160428 0.337607 0.0641026 0.136752 0.179487 0.833333 0.541667 0.458333 0.625 0.125 0.875 0.916667 0.791667 0.666667 0.125 
0.225532 0.212766 0.142553 0.205674 0.265957 0.262411 0.102837 0.177305 0.315341 0.147727 0.269886 0.0653409 0.6 0.266667 0.2 0 0.133333 0.866667 0.866667 0.666667 0.466667 0.2 
0.180804 0.265625 0.118304 0.152985 0.235075 0.294776 0.16791 0.149254 0.25 0.145833 0.303571 0.0803571 0.821429 0.357143 0.178571 0.392857 0.107143 0.892857 0.892857 0.642857 0.428571 0.178571 
0.253886 0.321244 0.178756 0.228448 0.336207 0.323276 0.267241 0.12069 0.286207 0.251724 0.348276 0.103448 0.689655 0.241379 0.0344828 0.413793 0.103448 0.862069 0.965517 0.655172 0.448276 0.206897 
0.215054 0.23871 0.139785 0.215054 0.240143 0.243728 0.172043 0.168459 0.270115 0.155172 0.301724 0.0775862 0.83871 0.354839 0.225806 0.387097 0.0967742 0.83871 0.903226 0.645161 0.419355 0.16129 
0.194805 0.248918 0.106061 0.187726 0.205776 0.299639 0.151625 0.133574 0.260116 0.150289 0.289017 0.0635838 0.818182 0.333333 0.181818 0.333333 0.0909091 0.878788 0.939394 0.636364 0.393939 0.151515 
0.331058 0.197952 0.139932 0.409091 0.267045 0.227273 0.125 0.147727 0.4 0.245455 0.15 0.131818 0.5 0.227273 0.227273 0.545455 0 0.863636 0.954545 0.863636 0.590909 0.0454545 
0.303704 0.162963 0.0987654 0.36214 0.246914 0.160494 0.119342 0.090535 0.30033 0.254125 0.115512 0.0858086 0.444444 0.037037 0.740741 0.407407 0.0740741 0.925926 0.925926 0.740741 0.481481 0.111111 
0.15102 0.163265 0.0877551 0.170068 0.136054 0.197279 0.105442 0.0782313 0.179837 0.122616 0.152589 0.0953678 0.766667 0.3 0.266667 0.333333 0 0.766667 0.966667 0.8 0.4 0.0333333 
0.296296 0.116402 0.148148 0.314159 0.278761 0.0929204 0.0973451 0.190265 0.265018 0.226148 0.120141 0.130742 0.333333 0.111111 0.851852 0.592593 0.037037 0.518519 0.962963 0.851852 0.666667 0.185185 
0.25 0.220588 0.127451 0.278689 0.204918 0.286885 0.155738 0.114754 0.267974 0.281046 0.189542 0.137255 0.444444 0.166667 0.222222 0.444444 0 0.722222 0.944444 0.777778 0.555556 0 
0.29981 0.246679 0.157495 0.332278 0.278481 0.291139 0.14557 0.177215 0.392405 0.250633 0.139241 0.174684 0.548387 0.129032 0.354839 0.516129 0.0645161 0.903226 0.935484 0.870968 0.645161 0.0645161 
0.541528 0.23588 0.232558 0.538889 0.555556 0.15 0.172222 0.283333 0.537778 0.382222 0.0977778 0.32 0.285714 0 0.857143 0.809524 0.285714 0.52381 0.952381 0.952381 0.904762 0.285714 
0.473016 0.314286 0.263492 0.42328 0.619048 0.306878 0.179894 0.333333 0.580508 0.364407 0.15678 0.305085 0.909091 0.136364 0.818182 0.727273 0 0.954545 0.954545 0.909091 0.818182 0.409091 
0.365132 0.345395 0.240132 0.274725 0.697802 0.175824 0.126374 0.335165 0.407895 0.390351 0.166667 0.236842 0.875 0 0.875 0.75 0.125 0.875 0.958333 0.916667 0.791667 0.583333 
0.372727 0.227273 0.229545 0.420455 0.424242 0.17803 0.140152 0.287879 0.515152 0.206061 0.127273 0.245455 0.939394 0.242424 0.848485 0.69697 0.030303 0.969697 0.969697 0.909091 0.787879 0.424242 
0.293605 0.175872 0.135174 0.307506 0.319613 0.135593 0.123487 0.152542 0.399225 0.155039 0.127907 0.133721 0.685714 0.228571 0.742857 0.485714 0.0285714 0.857143 0.914286 0.8 0.571429 0.142857 
0.274707 0.303183 0.180905 0.301676 0.282123 0.351955 0.134078 0.223464 0.433036 0.209821 0.223214 0.180804 0.6875 0.15625 0.125 0.625 0.03125 0.75 0.90625 0.9375 0.6875 0.1875 
0.307958 0.271626 0.15917 0.360231 0.29683 0.293948 0.138329 0.184438 0.43318 0.25576 0.156682 0.152074 0.709677 0.16129 0.290323 0.483871 0.0645161 0.741935 0.870968 0.774194 0.580645 0.16129 
0.267257 0.274336 0.168142 0.300885 0.274336 0.315634 0.129794 0.20354 0.398585 0.200472 0.254717 0.143868 0.5625 0.1875 0.125 0.5 0.0625 0.71875 0.90625 0.75 0.59375 0.21875 

